-0.5541360328454693 -0.028717009653537975 -0.8319306995075227 1.0647341555975454 -0.0935665449613386 0.9952200859369672 0.027969692653930327 -0.018277573002270075 0.8271509122914787 0.09333989029088804 -0.5541743322665829 1.7060750273104985 0.0 0.0 0.0 1.0
-0.5542029995014172 -0.02904568675503417 -0.8318747473357135 1.0730783332536213 -0.09403292676098328 0.9951781551560276 0.02789805989510593 -0.017057776858195588 0.8270532657280825 0.09368479249447341 -0.5542620216735927 1.7138804051037224 0.0 0.0 0.0 1.0
-0.5547330894628791 -0.02896665503319754 -0.831523924167734 1.0729707927371046 -0.0935384688530837 0.9952293284951105 0.027732715830249107 -0.018854941082536165 0.8267537285323576 0.09316373164113091 -0.5547960220437594 1.7166600165518198 0.0 0.0 0.0 1.0
-0.5524310146721371 -0.02849799262889284 -0.833071185451727 1.0585961978970024 -0.09301405017558662 0.9952812521824642 0.02763308795742793 -0.014686123923082838 0.828352667962661 0.09275271066834402 -0.5524749034603832 1.6944852576741571 0.0 0.0 0.0 1.0
-0.5536761538428303 -0.029485984178906268 -0.8322100216294257 1.0695804961650754 -0.09321963892580155 0.995286013676095 0.02675586735090737 -0.011031329319626186 0.8274980277061855 0.09239239682136163 -0.5538149208402153 1.6718325811620771 0.0 0.0 0.0 1.0
-0.5536653013477326 -0.027900261966727142 -0.8322717519785348 1.0730455048014063 -0.09321461942716486 0.995233812756791 0.028647386827001572 -0.016795962771852312 0.827505810570676 0.09344095558876396 -0.5536271395354931 1.6832569093600762 0.0 0.0 0.0 1.0
-0.5542429835622927 -0.028475861144150107 -0.8318677983080099 1.062727131456046 -0.09353694877509422 0.9952148419202193 0.02825280223760464 -0.024018356976157125 0.8270826078568351 0.09346928141395958 -0.5542544897789977 1.6816762279034299 0.0 0.0 0.0 1.0
-0.5518424370193776 -0.028515413108081478 -0.8334607709749913 1.059729000103071 -0.09448248644103649 0.9951181803516991 0.028511529190139488 -0.016572153255803357 0.828578951334965 0.09448130866381797 -0.5518427197326803 1.6587083189230587 0.0 0.0 0.0 1.0
-0.5539222027848925 -0.028138829678360306 -0.8320929009074977 1.0558517556938556 -0.09314890216681619 0.9952483904927143 0.028352734295469566 -0.0282715761491093 0.8273413164400398 0.093213741941155 -0.5539112353535699 1.7093478610181092 0.0 0.0 0.0 1.0
-0.5521148438806351 -0.027775009909323155 -0.8333054688016657 1.0644635111287108 -0.09387556946272732 0.9951606753422758 0.029028355653172428 -0.01436626053393178 0.828466526425104 0.09425399470144862 -0.5520503805561637 1.6722302601682704 0.0 0.0 0.0 1.0
-0.553362334840258 -0.027701256606286223 -0.8324799215346498 1.0818178713385063 -0.09324978728828441 0.995224133799803 0.028867914319898238 -0.022443302799491624 0.8277044424028943 0.09360299602090943 -0.5533027873247156 1.7294827114209381 0.0 0.0 0.0 1.0
-0.5533786494575615 -0.027877150067871913 -0.8324631669161756 1.064470119574987 -0.09386937299831272 0.9951598881346243 0.029074070277224917 -0.025672136013849826 0.8276234216857036 0.09423176422874255 -0.5533170923766882 1.7128757590924317 0.0 0.0 0.0 1.0
-0.554358505554435 -0.028928752487311946 -0.8317750751466177 1.0582196404689113 -0.09402300364016006 0.9951747481517359 0.028052404386760852 -0.022981495973999514 0.8269499456448863 0.09375707775187206 -0.5544036381688269 1.7156837379652226 0.0 0.0 0.0 1.0
-0.5528357309927722 -0.028563571619300065 -0.8328005763736368 1.0595603095696502 -0.09403378743640486 0.995166963633098 0.02828973572337907 -0.02382689103397916 0.8279676406336423 0.09395096371356593 -0.5528498253018863 1.7101255269023048 0.0 0.0 0.0 1.0
-0.5515666302291631 -0.027271040870403655 -0.8336847960640038 1.0440325626124498 -0.09298297315345831 0.9952463808779253 0.028961670685237764 -0.024146456064876528 0.8289320244707064 0.09349278764434643 -0.5514804439676566 1.7112980574558938 0.0 0.0 0.0 1.0
-0.5542991496144704 -0.02887678033316853 -0.8318163812239762 1.066348689713335 -0.095248451418399 0.995033088188678 0.02892800369214108 -0.025607044993593644 0.8268495304533322 0.09526399117185753 -0.5542965500364413 1.7021997096670511 0.0 0.0 0.0 1.0
-0.5544726178797497 -0.028337595648879665 -0.8317194193314615 1.0725392473523616 -0.09428293474303931 0.9951244240273127 0.028949507198300868 -0.024299398198148726 0.8268439291129753 0.09446865118564622 -0.5544409848974942 1.6894237342292038 0.0 0.0 0.0 1.0
-0.55320811169624 -0.028025895515461478 -0.8325716696794504 1.0761920647623329 -0.09400733520671058 0.995150085321399 0.02896524420232078 -0.029835395679882734 0.827721939750358 0.09429164024703002 -0.5531597354278882 1.6745964965196816 0.0 0.0 0.0 1.0
-0.5554847278675191 -0.028372984719516183 -0.8310425076293211 1.0590593877914178 -0.09428142165423906 0.9951217884838115 0.029044627755312993 -0.041463665592652084 0.8261643643230293 0.09448571703130512 -0.5554499911693442 1.6788388051438465 0.0 0.0 0.0 1.0
-0.5539525490774706 -0.029117560094284945 -0.8320389747034056 1.0566710080520378 -0.09448044790547318 0.9951307099648695 0.02807789436316869 -0.035116055570142635 0.8271699782265313 0.09416523042854827 -0.5540063648651737 1.6730294750286985 0.0 0.0 0.0 1.0
-0.5555925289969046 -0.02818146478464966 -0.8309770779290258 1.0318234711376726 -0.09444924403380756 0.995095401097731 0.029401581959807743 -0.040079434623005804 0.8260728770353634 0.09482044689643336 -0.5555292464545477 1.6645283219660456 0.0 0.0 0.0 1.0
-0.5545218267636218 -0.02833007037335497 -0.8316869833145445 1.0265267034770431 -0.09468059062297488 0.9950784170095839 0.029231901940101338 -0.04274257560461464 0.8267656667214978 0.09495433349515343 -0.5544750578824091 1.6832995757572315 0.0 0.0 0.0 1.0
-0.550898988180455 -0.02782634490488408 -0.8341079888916318 1.0017526098209024 -0.09416723423542073 0.995134038259871 0.028995877215592884 -0.030514472356687743 0.8292424172695023 0.0945194382038926 -0.5508386704995859 1.6486216458585659 0.0 0.0 0.0 1.0
-0.5525209577839376 -0.027143031365167537 -0.8330569095400229 1.06329400366111 -0.09402980302040984 0.995119050395253 0.02994139306005277 -0.02977555649106642 0.8281780975704033 0.09487542484786962 -0.5523764045996383 1.6790759065109904 0.0 0.0 0.0 1.0
-0.5519327286215994 -0.02710430150331006 -0.8334479541844333 1.0584928636294544 -0.09413866190965645 0.995107602737693 0.029979703571381505 -0.02623687484321548 0.8285578731096179 0.09500646212392354 -0.5517840716237715 1.6542255277923776 0.0 0.0 0.0 1.0
-0.5494351644636566 -0.026629498532972615 -0.8351116657326974 1.0718731418832177 -0.09402180575205332 0.9951141764960452 0.03012711790445829 -0.02310022055879019 0.8302292480272289 0.09507162543702993 -0.5492545225720681 1.6392495853791946 0.0 0.0 0.0 1.0
-0.549466617443951 -0.02583246729309855 -0.835116062673853 1.049671168527099 -0.09252507708249336 0.9952555362705373 0.03009107910531311 -0.027554741345694016 0.830376619610437 0.09380323621539736 -0.5492498217149395 1.625260152245371 0.0 0.0 0.0 1.0
-0.5515361231683821 -0.027125253710941946 -0.8337099831368363 1.0761067102922957 -0.09370349699298208 0.995159736688417 0.029610891327030386 -0.01891800904325331 0.8288713695562756 0.09445300884884925 -0.5514081896677279 1.641445225932893 0.0 0.0 0.0 1.0
-0.55175765444336 -0.0279873095652595 -0.8335347233106098 1.0659329492242524 -0.09335696784127198 0.9952281039968514 0.028381142099401444 -0.011931772633210014 0.8287629121214244 0.09347579665966424 -0.5517375654414131 1.6596145606665766 0.0 0.0 0.0 1.0
-0.551364684650739 -0.03462765404288408 -0.8335453412402385 1.0606677663446789 -0.09164391055055048 0.9956055638905172 0.01925957250265074 -0.03291489210314519 0.8292155294947711 0.08700840350336426 -0.5521151096877986 1.7498405181541312 0.0 0.0 0.0 1.0
-0.553482759490565 -0.03925187110316938 -0.8319354410687181 1.043749847885491 -0.10042903536876745 0.9947455756490597 0.01988146965580747 -0.024263963252606626 0.8267836591220626 0.0945545144929645 -0.5545165529172871 1.6092874899661607 0.0 0.0 0.0 1.0
-0.5390656300422825 -0.047233957153544934 -0.8409383374554801 0.9344694958390921 -0.11451801245835475 0.9932649054776197 0.01761946343912221 -0.028754187312256457 0.8344423436679917 0.10580062967776334 -0.5408439933620495 1.4904795770018437 0.0 0.0 0.0 1.0
-0.5540860487436176 -0.02897597478145194 -0.8319548431682008 0.8971044502995917 -0.09302100762897844 0.9952901293370383 0.02728771998944686 -0.024161348183450247 0.8272458170965785 0.0925090281394574 -0.5541718746252555 1.4073858029840864 0.0 0.0 0.0 1.0
-0.5229827012783623 -0.04209883052637933 -0.8513029321283719 0.6746567971151395 -0.09727397059138909 0.9952018170980832 0.010543577176175167 -0.02690038189093676 0.8467742521143857 0.08832373000509089 -0.5245683409378467 1.2112570685228008 0.0 0.0 0.0 1.0
-0.4344692352798228 -0.035553942712158414 -0.8999846820357666 0.5969524533278057 -0.09617401608891536 0.9953391676618941 0.007107251877119439 0.004514337830259202 0.8955372748558382 0.08964301413345584 -0.43586359307092093 1.1560601088406688 0.0 0.0 0.0 1.0
-0.37748328423451266 -0.031150039758279666 -0.9254924389367458 0.43686838007275636 -0.0912883852257702 0.99581758001935 0.003717022872260003 -0.00976443316193584 0.9215057750242902 0.08588981778951649 -0.378748146040082 1.0831165720338227 0.0 0.0 0.0 1.0
-0.38791686343266746 -0.019822534344695997 -0.9214811024910572 0.345892153682877 -0.0843385258024058 0.9963378285022658 0.01407126007025066 -0.04278111010845421 0.917827475977119 0.08317484874113219 -0.38816815737771393 1.051844959805867 0.0 0.0 0.0 1.0
-0.395592630140852 -0.01705727025848165 -0.9182676465068954 0.09923169539221527 -0.08730325264087666 0.9959984590116177 0.01910937081678556 -0.005944187602058897 0.9142671729009684 0.08772728017560028 -0.3954986947876078 0.8321873782623096 0.0 0.0 0.0 1.0
-0.4030414405343996 -0.02504703706477301 -0.9148390762015624 0.07350674156951519 -0.07701798754212434 0.9970076532908412 0.006634328163501914 -0.03063530144894516 0.9119353040964876 0.07313296493056319 -0.40376448389943753 0.8419753990072656 0.0 0.0 0.0 1.0
-0.39910056963957147 -0.024541827904621904 -0.9165786155377117 0.06206774925488348 -0.0789335443630777 0.9968503047982555 0.007678441943525249 -0.028490132792545333 0.9135032104207252 0.07541326599302833 -0.3997806205524779 0.8505331694634686 0.0 0.0 0.0 1.0
-0.398216248561102 -0.02859062530877015 -0.9168458731181801 0.036259087129294515 -0.08615005013597016 0.9962619102188985 0.006350684178700949 -0.035496972649427666 0.9132370917879985 0.08151526304913319 -0.3991907615955746 0.8020174084802176 0.0 0.0 0.0 1.0
-0.39282860022780286 -0.026624325439162235 -0.919226039765743 -0.00673496361781881 -0.08313251757416372 0.9965162169758276 0.006663506201253331 -0.03109705813539476 0.9158462796898286 0.07903519939958958 -0.3936734030239517 0.7930298169883281 0.0 0.0 0.0 1.0
-0.4012965304307798 -0.02957702127484801 -0.9154704333818292 -0.022941347623219192 -0.07889295924408632 0.996880291621796 0.0023755412882998476 -0.022431941758955964 0.9125440860998663 0.07317746142407577 -0.40237814008961764 0.8084963491401579 0.0 0.0 0.0 1.0
-0.3951024631837905 -0.02697360720644029 -0.9182410666019596 0.010118949399764774 -0.0802647459539299 0.9967597304010427 0.005256347410319401 -0.030883689907006198 0.9151239327898207 0.07577916856582304 -0.39598738630250846 0.7811236260131907 0.0 0.0 0.0 1.0
-0.3960927119566613 -0.028097194731062085 -0.9177805262611342 0.015973465537569145 -0.08225030816325095 0.9965992521614231 0.004987153403751542 -0.0396588991889209 0.9145192139968699 0.0774631081954518 -0.3970567465902153 0.7963944582536255 0.0 0.0 0.0 1.0
-0.3698796465123176 -0.027867978132283085 -0.9286616446229395 0.025074020939522598 -0.08199705995474539 0.9966287861637567 0.002751291160047046 -0.04540553973960375 0.9254541679549744 0.0771651639784134 -0.3709178605052149 0.7563111293421064 0.0 0.0 0.0 1.0
-0.3443526953601449 -0.026718540668766173 -0.9384601779942068 0.04418415280449363 -0.07486164735759468 0.9971934930875022 -0.0009214502061465475 -0.04584475161828019 0.935851042392093 0.06993737017145375 -0.3453865707374267 0.8353520676921403 0.0 0.0 0.0 1.0
-0.28060720073988155 -0.02187308173024941 -0.9595734647392454 0.09947002585093459 -0.07113107206126795 0.9974651231188649 -0.0019360149997021264 -0.0648505811680855 0.9571834561092322 0.06771223045610761 -0.2814518106122972 0.9072430573162148 0.0 0.0 0.0 1.0
-0.23784010237148848 -0.0213069180557245 -0.9710705244029604 0.11185393964637613 -0.07397893618533126 0.9972527134570328 -0.0037620559441944542 -0.07475934675498756 0.9684829467746857 0.07094400501850169 -0.23876275818268425 0.8538070542488985 0.0 0.0 0.0 1.0
-0.14429219087036516 -0.021685336596101796 -0.98929750985709 0.12403420021024705 -0.07127568961048804 0.9973907303326899 -0.011466951802017249 -0.05990068597686064 0.9869648554788756 0.06885826190956666 -0.1454613877274577 0.8141902909731549 0.0 0.0 0.0 1.0
-0.07767371622514098 -0.01581078204689042 -0.9968534447859941 0.13793023662353596 -0.058627146614248934 0.998216402537099 -0.011264237560097897 -0.07233464239096592 0.9952535033451655 0.05756774041658122 -0.07846206988341009 0.7084217945657556 0.0 0.0 0.0 1.0
-0.028239887733282787 -0.011861699007252324 -0.9995309168548376 0.0527909439683984 -0.05554555927647598 0.9984032326882147 -0.010278982620653488 -0.052632023583718573 0.9980567743388407 0.05522922110202919 -0.028853623897040062 0.6425695523592813 0.0 0.0 0.0 1.0
0.03806219584122206 -0.008433150893517715 -0.9992397106615978 0.03605203320254837 -0.05601625954155057 0.9983739855692012 -0.010559560824723029 -0.03174413036275495 0.9977040277229308 0.056375590045923 0.03752792801987435 0.5452713783489656 0.0 0.0 0.0 1.0
0.12412703603971108 -0.004616189530396074 -0.9922555665475291 0.062464519038273346 -0.05292752470038318 0.9985347994677062 -0.01126641199485443 -0.031167180879574725 0.9908536566671496 0.053916096955037546 0.1237008202576521 0.49347281222299355 0.0 0.0 0.0 1.0
0.1799394472756805 -0.004792075469597752 -0.9836659696690637 0.13154705877166079 -0.05165219500792562 0.9985625410207181 -0.01431324400294003 -0.04222632106345945 0.9823206197157933 0.053384026314188836 0.17943326244373575 0.4592684172310117 0.0 0.0 0.0 1.0
0.1772136029256892 -0.003972117832241437 -0.9841643769720585 0.12717727801503304 -0.04909750192864394 0.9987110466033238 -0.012871576069140658 -0.050083497791199624 0.9829469159306676 0.05060103395419976 0.17679015235506929 0.48776101524569493 0.0 0.0 0.0 1.0
0.17511565742059654 -0.0020166913023779965 -0.9845458422154194 0.11462314801574132 -0.04976718350262465 0.9987013921522144 -0.010897495371597942 -0.0485208441076434 0.9832892450946137 0.05090639182829743 0.17478788050587937 0.48894000585057074 0.0 0.0 0.0 1.0
0.17756927079748433 -0.0014183258276354667 -0.9841073081192282 0.11926036745360687 -0.05058890853850328 0.9986636424300586 -0.010567410208616635 -0.043863923477399175 0.9828071633451726 0.051661361295105956 0.17726022954420878 0.4953065735180893 0.0 0.0 0.0 1.0
0.20853587982739952 0.00021658590132965432 -0.9780146849783632 0.12745563433125 -0.05356877791521605 0.9985013169980044 -0.011200999531224769 -0.03570258697783997 0.9765465294073309 0.054726863691682996 0.208234919679205 0.47916781560001065 0.0 0.0 0.0 1.0
0.25834674179329964 0.002016447609899633 -0.9660501561529524 0.12786481837054878 -0.05392654341535489 0.9984686785918168 -0.012337237965554913 -0.043476307451870914 0.9645459951342651 0.05528303066160783 0.25805987982744705 0.4401975354182402 0.0 0.0 0.0 1.0
0.36238511427407494 0.0018111105538387083 -0.9320267344692382 -0.07877604074455657 -0.06296381018815865 0.9977611226723164 -0.02254237891325517 0.19136791873451864 0.9298994347385502 0.06685298703394071 0.3616878400561791 0.5299578385501231 0.0 0.0 0.0 1.0
0.396281456501793 0.0011639709740307003 -0.9181283633003723 -0.13993723908031974 -0.061356349182639415 0.9977972491007036 -0.025217592899038382 0.2082320432659212 0.916076783620102 0.06632627688694687 0.39548001048155806 0.5387163702048312 0.0 0.0 0.0 1.0
0.44585187326012227 0.0026472810807921044 -0.8951027794180704 -0.08616703203937925 -0.056476075885447646 0.9980863533389588 -0.025178956783012112 0.22728222689935434 0.8933234495201856 0.061777987388017035 0.44514823643907414 0.4986503125684223 0.0 0.0 0.0 1.0
0.49322775929406176 0.00626888588611761 -0.8698776249387359 -0.0936201104653871 -0.049610215498956285 0.9985491692685577 -0.020933233867945385 0.2076072896910957 0.8684845114382473 0.05347968374639916 0.4928232051349606 0.4523268791582744 0.0 0.0 0.0 1.0
0.558900082225384 0.0019737005087060015 -0.8292326207156346 -0.0041065941941460515 -0.04495727852248149 0.9985984972073829 -0.027924241162973165 0.21040933827451813 0.8280155470957171 0.05288691308394591 0.5582055734742023 0.4471585952243 0.0 0.0 0.0 1.0
0.6238683634631598 -0.002266400520412699 -0.781526159993873 -0.2165928858342303 -0.03444659754158598 0.9989442035718424 -0.0303945772920645 0.2087044013032518 0.780770031957561 0.0458831401441127 0.6231316473771575 0.476422936825621 0.0 0.0 0.0 1.0
0.6602167304958487 -0.0037849597026459935 -0.7510655839338449 -0.18795898398064548 -0.03076376306457985 0.9990117530626668 -0.03207706222264614 0.22104160349432822 0.7504449524064807 0.04428342124940025 0.6594479817972587 0.42222118495083194 0.0 0.0 0.0 1.0
0.7083004741468631 0.002194831541637952 -0.7059075945232658 -0.21084081431989832 -0.033385819180712865 0.9989802431815131 -0.03039292607257422 0.2301732641929134 0.7051212799721484 0.045094631633842294 0.7076515565732908 0.5041992361802468 0.0 0.0 0.0 1.0
0.7474510718197811 0.008622949380294235 -0.6642609014362739 -0.2609459682487345 -0.03683028689245225 0.9989156681544279 -0.02847562862371738 0.23133191404491932 0.663295198628488 0.04574907102253186 0.7469582589296959 0.45054102424163744 0.0 0.0 0.0 1.0
0.8000718940359791 0.006363980801531061 -0.5998702941442156 -0.2853565590286635 -0.03354937113964288 0.9988534045180255 -0.03414942786684635 0.25519302557329643 0.5989652681780491 0.047447285406126305 0.7993681646895123 0.3490576776513237 0.0 0.0 0.0 1.0
0.8460970822560695 0.005497652771097705 -0.533000485703043 -0.3138129126649267 -0.02437881507748292 0.9992994522502037 -0.028392182267221247 0.216670666650143 0.5324711179626582 0.037016472015248394 0.8456385156297865 0.3657840881813428 0.0 0.0 0.0 1.0
0.881313299672632 0.0002121482640563455 -0.47253229347689274 -0.29687039849370445 -0.016837580627890984 0.9993788746269285 -0.030954846962047266 0.25351811244825323 0.4722324172580611 0.03523722512402609 0.880769613032286 0.3523683733455911 0.0 0.0 0.0 1.0
0.9095633935110998 -0.0006871068185695449 -0.4155645220411919 -0.34690615004442593 -0.014399463258537974 0.9993459458055848 -0.03316906870823632 0.25132243365515267 0.4153156249751476 0.03615328754109466 0.9089587670150147 0.41730174311543955 0.0 0.0 0.0 1.0
0.9382429660787259 5.153300737091494e-05 -0.34597691543000103 -0.25485226709028286 -0.010582487636466544 0.999536272741258 -0.028549409343337565 0.23133311623408837 0.3458151213756193 0.030447587237826618 0.9378086584700877 0.39106198614890175 0.0 0.0 0.0 1.0
0.96015781839087 -0.0033979480015290378 -0.27943760901328235 -0.3472185949287163 -0.0037649854325400526 0.9996779944974242 -0.025092681205655335 0.23572420916479814 0.2794330119951287 0.02514502106935263 0.9598360007560803 0.3465756284148007 0.0 0.0 0.0 1.0
0.9783714776871538 -0.004928471528210356 -0.20679677357761822 -0.20508981446896613 0.0013461579226859077 0.9998466116321473 -0.01746000495446787 0.21910695757774007 0.20685121580217303 0.01680399591877967 0.9782281642848932 0.34756809569968183 0.0 0.0 0.0 1.0
0.9908867779946484 -0.005499146869282855 -0.13458470302149586 -0.23332819244060454 0.0037385705445698103 0.9999041086126967 -0.01333074702114494 0.2113665645898576 0.13464516487017497 0.012706108348718886 0.9908125223414714 0.5120995410106186 0.0 0.0 0.0 1.0
0.9980150803918084 -0.004423318571691315 -0.06281943735273954 -0.15593043019945396 0.003573979422995083 0.9999007256725879 -0.013626300937818303 0.221656451650656 0.06287353353363599 0.013374742741744133 0.997931968461476 0.28600883190281223 0.0 0.0 0.0 1.0
0.999992463539469 -0.0016192771535410622 0.0035178114576052684 -0.20297999884733597 0.0016765631908206644 0.999865005487912 -0.01634227414769593 0.243088734969735 -0.0034908260572666864 0.016348053940890218 0.9998603487139255 0.5436654464356714 0.0 0.0 0.0 1.0
0.9996789741467341 -0.0072795758387456605 0.024267189716490008 -0.2293656785129401 0.0074628421467448115 0.9999441766278974 -0.007470011823092243 0.22855366759206652 -0.02421141294244849 0.007648719097086223 0.9996776747818479 0.6101734737722317 0.0 0.0 0.0 1.0
0.9996945672803733 -0.006351621839600789 0.0238831890469201 -0.22506387557680885 0.00652590684332042 0.999952556126125 -0.007226380142440095 0.2222858860170271 -0.023836112583604015 0.007380034321135754 0.9996887245499075 0.5576109231879052 0.0 0.0 0.0 1.0
0.999661069212606 -0.0068402681937138644 0.025117945479174876 -0.23925666774463927 0.007010161655553742 0.9999530679258786 -0.00668199636700338 0.21342235866770615 -0.02507101097569239 0.006855815241103476 0.9996622885814165 0.5732156551928949 0.0 0.0 0.0 1.0
0.9996285327994445 -0.0074052981587157 0.026228480816132875 -0.25668474920578 0.007596479143500254 0.9999451727274324 -0.0071968495633539156 0.2238431890807444 -0.026173704369126864 0.00739342208525742 0.9996301708327662 0.5653420232591042 0.0 0.0 0.0 1.0
0.9998378765161191 -0.0017627491314149161 0.017917165997902634 -0.20818754671975448 0.001999312082738477 0.9999109157980632 -0.013193768160828243 0.2065010493610263 -0.01789226612748204 0.013227455012805662 0.9997525363460383 0.6549291510299575 0.0 0.0 0.0 1.0
0.998404807766146 -0.005332926132290504 0.056208215660100966 -0.2660603639682564 0.006178023224817712 0.9998702314082154 -0.014872032173276742 0.21684328723073193 -0.056121573354148704 0.015195567189411664 0.9983083994012812 0.7479984931893 0.0 0.0 0.0 1.0
0.9927373154072056 -0.009065131901384848 0.1199597993796357 -0.20685835990873036 0.011109641886429515 0.9998039864183136 -0.016385543197151794 0.21353125468742967 -0.11978771018172318 0.017599255654534622 0.9926436393951408 0.9419035076062698 0.0 0.0 0.0 1.0
0.9808546385673145 -0.0030119929660711036 0.19471787724188888 -0.20002609242726388 0.0065603635316908 0.9998238670835754 -0.017580809736511313 0.231466982612206 -0.1946306029706434 0.018521643965023014 0.9807018227827107 1.006131678944918 0.0 0.0 0.0 1.0
0.9584778120161342 -0.020809035983188184 0.28440675408556326 -0.12014711507211295 0.021242383961438443 0.999773094753602 0.0015609965767546755 0.20281507780563973 -0.2843747045138423 0.004545299632383631 0.9587025716577462 1.283573212470925 0.0 0.0 0.0 1.0
0.9269486192346241 -0.01605751745763707 0.37484444850884663 -0.09685450234795256 0.017880919183676364 0.9998390747658275 -0.0013865877273492545 0.15404853429087212 -0.3747618924728623 0.007987860409423996 0.9270867656615827 1.5511977236285936 0.0 0.0 0.0 1.0
0.8938379333464432 -0.034165442284386685 0.44708660372528236 0.04828736749602669 0.026934349310710707 0.9993833719909836 0.022522339573355567 0.13047359781082057 -0.44758046888015246 -0.00808933540750838 0.8942071479249398 1.6582204739959714 0.0 0.0 0.0 1.0
0.8735521097696767 -0.014375172517827125 0.4865183154470462 -0.00040985828079209696 0.012424206561700936 0.9998965854629106 0.007236107786625217 0.16090400999438476 -0.4865720629225062 -0.00027651222962112634 0.8736405116859198 1.7164404130071542 0.0 0.0 0.0 1.0
0.8741585178978809 -0.018910965174619376 0.4852722832740103 0.056725350066078484 0.014326184597068692 0.9998107880045272 0.013155563262105843 0.14798274483888746 -0.4854292627882113 -0.004547947405233435 0.8742642030982908 1.8958087061609916 0.0 0.0 0.0 1.0
0.8737492096044577 -0.02492368115284044 0.4857376947924061 0.1469423890588848 0.02666565969833211 0.9996388218460405 0.0033260377455839566 0.15531088020674866 -0.4856452162411497 0.010046395526214428 0.8740983699196629 2.2287323248015714 0.0 0.0 0.0 1.0
0.8765269947827997 -0.03981282156914462 0.4797034299904232 0.2985348764879203 0.0375349241253859 0.9991923022769525 0.014342813760952849 0.14427443244438648 -0.4798870654111075 0.0054337679715785936 0.8773135848545848 2.2191783253494988 0.0 0.0 0.0 1.0
0.8830011312189266 -0.021434041089802267 0.4688811008005258 0.38596034414240576 0.020352765044632834 0.9997655772605252 0.007373946561727531 0.15146089054206635 -0.4689293142704087 0.0030318254146527823 0.8832305928968759 2.382766365159453 0.0 0.0 0.0 1.0
0.8815121885962771 -0.02521949136408588 0.4714871628823853 0.42482498563549465 0.022393111635082386 0.9996818190006556 0.011605125611252867 0.11990754975446166 -0.4716298843302536 0.0003280061009128281 0.8817966463822356 2.5346820537767725 0.0 0.0 0.0 1.0
0.8813097490568124 -0.03599697110552724 0.47116590858738844 0.5164781275081496 0.03184556256701702 0.9993517951609137 0.01678355175678597 0.10101678791853075 -0.47146470479200037 0.00021303387749254039 0.8818850367313278 2.540772910973743 0.0 0.0 0.0 1.0
0.903769306993146 -0.01903448252472204 0.427596435284401 0.5915057140607409 0.018127776335201518 0.9998164535370287 0.006191966633263743 0.1481293473848565 -0.4276358105851633 0.002155264224536453 0.9039486424942165 2.7055317206456664 0.0 0.0 0.0 1.0
0.939703898068457 -0.02190061571412443 0.341287099657414 0.7894278574564126 0.01648017353792983 0.999687853226894 0.018773925773193985 0.09306617130742095 -0.34159178411677527 -0.012017465391091725 0.9397717169982417 2.833888985221404 0.0 0.0 0.0 1.0
0.9711227861675522 -0.016051572043784365 0.2380395291234595 0.906175342854252 0.01688332581534728 0.9998563485024279 -0.0014557033181430837 0.10661237564672632 -0.23798194577029716 0.005432567882946716 0.9712545117252805 3.100142987711685 0.0 0.0 0.0 1.0
0.9919369800376782 -0.012613872066673245 0.12610278679686518 1.0030625362675685 0.013306335874181143 0.9999005964346392 -0.004650382457652063 0.11185390971458081 -0.12603157347414873 0.00629085471071517 0.9920064071132608 3.3526294628893867 0.0 0.0 0.0 1.0
0.99989811522685 -0.0050494642055951885 0.013350055563715652 1.0525237663928015 0.005303127721875835 0.9998047269470457 -0.01903445515578609 0.11865934431338943 -0.01325128858736969 0.019103317587383966 0.9997298148028619 3.4169262784899903 0.0 0.0 0.0 1.0
0.9988370915633766 -0.010469131790869689 -0.04706160470253287 0.997661043106896 0.009355751144300806 0.9996725300195527 -0.023816317648111422 0.09854112783720465 0.04729558913274618 0.02334832997012165 0.9986081491894054 3.748999065910067 0.0 0.0 0.0 1.0
0.9988037022665317 -0.012538194473125142 -0.04726442135623186 1.0889345713160765 0.01203185035309866 0.9998672535738307 -0.010982375915261385 0.0672401539619357 0.047395901127274036 0.010400560464342186 0.998822145608421 3.8377375971844634 0.0 0.0 0.0 1.0
0.999688033288647 -0.024112219492891242 -0.00650658260657472 1.0640266776994274 0.02402683932511266 0.9996280776017186 -0.012895830629343933 0.057432619373704724 0.006815154719953531 0.012735477891432133 0.9998957635296605 4.128764914405595 0.0 0.0 0.0 1.0
0.9998805392400538 -0.00898679299988872 0.012572487469505267 1.0252572748899877 0.009326912157526688 0.9995847612998404 -0.02726062289438076 0.07355099682644206 -0.01232223746417488 0.02737463444710485 0.9995494160367371 4.273820541814291 0.0 0.0 0.0 1.0
0.999726910813572 -0.019236078047022237 0.013266906108316257 1.0375745655772701 0.019303273695222566 0.9998013470750066 -0.0049556570890795975 0.04003017665847863 -0.013168895302180805 0.0052104012081775125 0.9998997919575233 4.597473183043849 0.0 0.0 0.0 1.0
0.9984306605551191 -0.013033939074891025 0.054463362354455355 1.0174442969160138 0.013632252924320798 0.9998505370409976 -0.010628567669143992 0.027820171828302404 -0.05431664826102305 0.011354348089881243 0.9984593279434933 4.813970512427245 0.0 0.0 0.0 1.0
0.9965662304188239 -0.01963004007716784 0.08043842458946351 1.0522041035745564 0.02086345012527475 0.9996768058476418 -0.014521824781278192 0.02409930367828486 -0.08012732702728093 0.0161501861085206 0.9966539246707403 4.978471150346928 0.0 0.0 0.0 1.0
0.9934913362113018 -0.017359929382309815 0.11257691803379656 1.065785462758901 0.018322964271811768 0.9998037485836919 -0.007525360348520052 0.017824675709994242 -0.11242415971723671 0.009539125629882078 0.9936145993296521 5.276078147854377 0.0 0.0 0.0 1.0
0.990221539440014 -0.0027647765976885046 0.13947598957239887 1.1087553188156751 0.005475877257390645 0.9998033201197988 -0.019057769159480778 0.018477875246911524 -0.13939584897435053 0.019635171704751788 0.9900421780431949 5.493210965790738 0.0 0.0 0.0 1.0
0.9892768834208988 -0.02012848984477719 0.14465853524605787 1.1331450099577558 0.021273940198642514 0.9997532906104379 -0.00637564844900666 -0.0033549791570336718 -0.14449448499429077 0.00938473921176627 0.9894612205753333 5.680787796278943 0.0 0.0 0.0 1.0
0.9855624297215407 -0.012223985518098947 0.16887032358010348 1.1420469992998628 0.01338179788078484 0.9998940319999321 -0.005719815879212751 -0.0201084343477706 -0.16878249647376412 0.007897026315628278 0.9856217645848322 5.918223698377493 0.0 0.0 0.0 1.0
0.9814067545216772 -0.02588774541212083 0.19018555131935067 1.1751202324520196 0.03005167676203801 0.9993669064079008 -0.019042256573804265 -0.010040079564473947 -0.18957217374747481 0.024403598959599922 0.9815636086321167 6.1203356827245115 0.0 0.0 0.0 1.0
0.9815579102542913 -0.02450326197014666 0.18958812797238467 1.2259224998948781 0.02309293738718586 0.9996867442537144 0.009644761603032105 -0.04706602286225883 -0.18976506416638309 -0.005088748783433315 0.9818164623057207 6.320970764263297 0.0 0.0 0.0 1.0
0.983481563335154 -0.027169551747153582 0.17895734057657414 1.2878238713827281 0.026059096936453224 0.9996237612545372 0.00855336900656727 -0.05396453629423234 -0.17912238900154598 -0.0037486150539088672 0.9838197352552959 6.543454559226912 0.0 0.0 0.0 1.0
0.9816977991074877 -0.03931983124507814 0.1863418898186058 1.3157365484838874 0.0386924953044207 0.9992265532900748 0.007003707047503216 -0.03671969934979216 -0.1864731493767637 0.0003345093749632246 0.9824601354119171 6.712334471014 0.0 0.0 0.0 1.0
0.9762742278483948 -0.031493708074187936 0.21423513686826215 1.3060510843417226 0.03345080928304791 0.9994250890232299 -0.005515254890301493 -0.04807201661613894 -0.21393826174994965 0.012550742558832173 0.9767666846396423 6.926651571141207 0.0 0.0 0.0 1.0
0.9748354656072261 -0.027346651069653043 0.22124168495721275 1.3794340147525554 0.02948167615848505 0.999545081238635 -0.006353113665999298 -0.06795781707084828 -0.2209672911750742 0.012715818902747492 0.9751984479377025 7.073858878809142 0.0 0.0 0.0 1.0
0.9755990096609776 -0.02527868147854174 0.2180997576312426 1.4237479491267893 0.024630424944619714 0.9996803939210748 0.005690907887620083 -0.07880064322827048 -0.21817391244146067 -0.00018015478825447203 0.9759099764762781 7.2831203124684665 0.0 0.0 0.0 1.0
0.975377196321632 -0.025495020150388053 0.2190637696671077 1.4882596359183105 0.027593462349597756 0.9995981614180115 -0.006524683670405025 -0.021152136053220694 -0.21880929755400813 0.012408779542815497 0.9756889703640647 7.46783311233083 0.0 0.0 0.0 1.0
0.9769577222575637 -0.013176252978261516 0.21302491882999958 1.520287456855846 0.017308075831585855 0.999696501686072 -0.01754285345058803 -0.020142553808411706 -0.21272903926122713 0.02082570421411819 0.9768894842592035 7.690570350653704 0.0 0.0 0.0 1.0
0.9766679825687768 -0.033667776600066174 0.21209842368347295 1.585564232637605 0.03646956561572742 0.9992916478652334 -0.00931074279259093 -0.047939630374492864 -0.21163461725635352 0.01682866644262962 0.9772041818605017 7.902349015037867 0.0 0.0 0.0 1.0
0.9786328496330663 -0.034279728261219285 0.20273694397330913 1.6679003571145006 0.03602937352941651 0.9993387323107875 -0.004944986475453163 -0.047030235973386667 -0.20243328817843997 0.012143835287515671 0.979220981672207 8.031257225049858 0.0 0.0 0.0 1.0
0.9826826617730282 -0.045775059289174996 0.17955247098054627 1.7576316109418202 0.048852675562922714 0.9987247877192519 -0.012754221508578769 -0.04141734680883884 -0.17873958824069075 0.021304993194688183 0.9836659527999568 8.239659714687951 0.0 0.0 0.0 1.0
0.9924643748740094 -0.039740052733313595 0.11590900040705437 1.8195525611930203 0.04236502730297683 0.9988967340326597 -0.020271341670825543 -0.029581466782498178 -0.1149754304334949 0.025029094376386948 0.9930532353011615 8.467756260842576 0.0 0.0 0.0 1.0
0.9950180035135696 -0.045088199932617666 0.08891503576228806 1.8653604958299308 0.04689775463762287 0.9987310589446953 -0.01836799228182422 -0.05097942537176538 -0.08797391529147654 0.022446422326642235 0.9958700558867148 8.717153486515967 0.0 0.0 0.0 1.0
0.9947615791678155 -0.05284970108549188 0.0874980754005742 1.8830768782677494 0.05451470498574665 0.9983727396969978 -0.01674895294713874 -0.06174737849662623 -0.08647039981930303 0.021431169000855864 0.9960241314818369 8.914436758178784 0.0 0.0 0.0 1.0
0.9961645325207626 -0.03613337568432677 0.07968832569433276 1.9248633056849052 0.03729189280270735 0.9992188147865302 -0.01309823688370134 -0.07556782270188325 -0.07915267317304193 0.016019749914859254 0.9967340394117272 9.123622884085488 0.0 0.0 0.0 1.0
0.9964518989589085 -0.03900422518492357 0.07457867816894569 1.94205956119542 0.04063454438122406 0.9989646004996137 -0.020469518847265444 -0.07612614023242906 -0.07370295086492326 0.023427384985844547 0.9970052423916903 9.354953675043703 0.0 0.0 0.0 1.0
0.9973084040050382 -0.0239618776349729 0.06929256244268873 1.963838170348141 0.025851434738402367 0.9993146365879894 -0.026502973450521522 -0.09596961593342605 -0.06860989515490361 0.02822297487080591 0.9972445347682535 9.572546832352456 0.0 0.0 0.0 1.0
0.9973190185461248 -0.026901678047348634 0.06804927506253276 1.9764789063488628 0.028233536079493537 0.9994268957240909 -0.018687112383508283 -0.11335735383111964 -0.06750744519939993 0.02055830928705353 0.9975071669396427 9.735317573812203 0.0 0.0 0.0 1.0
0.9976760082628403 -0.026312058234801972 0.06284807595838199 2.0137027006797736 0.027425775659843776 0.9994807953637402 -0.016925021428427986 -0.14516056995662824 -0.06236999335413981 0.018609369641047677 0.9978798333929307 9.997809637091134 0.0 0.0 0.0 1.0
0.997154310620101 -0.03857231192073826 0.06476959014272175 2.0196308018947082 0.03973959650951284 0.9990685465204892 -0.016831827107578107 -0.16151052005812178 -0.06405989896940746 0.019357869366247966 0.9977585282747506 10.201106326366062 0.0 0.0 0.0 1.0
0.9977138001069029 -0.02995827490316534 0.06057461638801969 2.0325092886364526 0.03146403125980387 0.9992154907078422 -0.024059391788347734 -0.15187606737792833 -0.05980619975464872 0.025910334544088285 0.997873900329418 10.387962062791036 0.0 0.0 0.0 1.0
0.9987112824417199 -0.019737183888690047 0.04675287656015809 2.0479926715366044 0.020776691241282598 0.9995455054985432 -0.021854629315899602 -0.1713316375890766 -0.046300157032684565 0.022797861529460957 0.9986676327465296 10.6104734813385 0.0 0.0 0.0 1.0
0.99882318740623 -0.0199396244199216 0.0442077892957368 2.0413780388641913 0.02089491857469348 0.9995559473222232 -0.021254637061509568 -0.17961619416715294 -0.043764232545223394 0.022153367907072136 0.9987964668384638 10.822338977961248 0.0 0.0 0.0 1.0
0.999226246248176 -0.007928140958184735 0.03851968242197282 2.044730396702026 0.008744391765509124 0.9997399747666654 -0.021069917776870194 -0.19215380130443577 -0.03834250062168553 0.021390471634621218 0.9990359443862283 11.062634015303164 0.0 0.0 0.0 1.0
0.9992147655848125 -0.02025106363904752 0.034050315440930214 2.0796150855206954 0.020915314399877434 0.9995957740432045 -0.01926775329550062 -0.2062663062902712 -0.03364623431681094 0.019964820864187015 0.9992346244754443 11.260411605926425 0.0 0.0 0.0 1.0
0.9995020087365177 -0.017585444413342713 0.026195262059662862 2.074288039655545 0.018065507143534776 0.9996712495057163 -0.018205877364161016 -0.21763165950644872 -0.025866371797930877 0.018670066761191328 0.9994912645832669 11.484292240836112 0.0 0.0 0.0 1.0
0.9993201991583635 -0.02630924483718544 0.025819497275625374 2.1023410248388736 0.026378165865037103 0.9996495292614016 -0.002334292445498256 -0.24090092221554424 -0.025748916540459833 0.003013796904724534 0.9996641259341956 11.672868799280211 0.0 0.0 0.0 1.0
0.9995052399813954 -0.023136814471637037 0.021298622956362964 2.106816897504693 0.023603680302303705 0.9994808867488109 -0.021938505172609264 -0.21848226535536422 -0.020779858026907537 0.022430402122961893 0.9995326626071824 11.856395308514626 0.0 0.0 0.0 1.0
0.9996574985086434 -0.019535070772508694 0.017406358857523188 2.1011103917749963 0.0198070394677435 0.9996824288624252 -0.015594849644711604 -0.2422060240035606 -0.017096063903872322 0.015934301148610726 0.9997270836537431 12.042059160977603 0.0 0.0 0.0 1.0
0.9996540154361536 -0.024654472084386748 0.009149074473531155 2.1027997037080466 0.024837783014136524 0.999481512984672 -0.02050060715660312 -0.25226303216371593 -0.008638770547321718 0.020720781068514826 0.9997482422140801 12.288547310185322 0.0 0.0 0.0 1.0
0.9998533764927029 -0.01386808171530627 0.010025738582078227 2.1097808236771414 0.013990679053728375 0.9998271036067897 -0.012269079820673351 -0.2633556698442894 -0.00985372273535782 0.012407572438044873 0.9998747348082959 12.507331763058069 0.0 0.0 0.0 1.0
0.999779670633636 -0.020672199074683026 0.003601673451167577 2.1078592621448315 0.020747525757874953 0.9995356388623938 -0.0223270490757235 -0.2609993787030417 -0.0031383294985612015 0.02239688053051944 0.9997444713450164 12.63846982987222 0.0 0.0 0.0 1.0
0.9999143893456852 -0.012847122754773212 -0.002417678929268571 2.1130345863664175 0.012795974475265382 0.9997167667984612 -0.020078662784853755 -0.28634479490254583 0.0026750618311917732 0.020046033856456726 0.9997957007856995 12.856582387350334 0.0 0.0 0.0 1.0
0.9988604341610338 -0.022912477732589448 0.041862717581510896 2.112725271853657 0.02371646534571919 0.9995419306407877 -0.018811908697176905 -0.28959924526697256 -0.04141239348349736 0.01978333148195196 0.9989465109743711 13.097009492297538 0.0 0.0 0.0 1.0
0.9919732944001569 -0.028127926019064466 0.12327809302859175 2.061320754768149 0.0320530417636435 0.999036901952635 -0.02997278155105054 -0.2944359788972609 -0.12231618379696794 0.033683663632669586 0.9919196972250087 13.321397390088052 0.0 0.0 0.0 1.0
0.9778641289797401 -0.036159713722818974 0.20609181219879957 2.0663949440493004 0.0375052542175517 0.9992932032433892 -0.0026247967089288392 -0.3421893330258537 -0.2058511352413081 0.010296240552050539 0.9785293925063545 13.616947557390795 0.0 0.0 0.0 1.0
0.9630739398086311 -0.02540034036345686 0.2680354828498306 2.156007827082917 0.026851057810250475 0.9996381539857417 -0.001747782340052163 -0.3375528651940082 -0.2678940121029127 0.008880303940432809 0.9634076969338898 13.86419147322988 0.0 0.0 0.0 1.0
0.9640765777398795 -0.02767773285910705 0.26417782254136263 2.2330112295135365 0.02305400219888086 0.9995224597223837 0.02058700441186634 -0.34434104552688155 -0.2646213758106364 -0.013757076586904768 0.9642544767668721 13.999293940904892 0.0 0.0 0.0 1.0
0.964395153623837 -0.03132168278528253 0.262603548463694 2.201000842936353 0.03280797287326925 0.9994610673225552 -0.0012760944025165311 -0.34822181578679146 -0.2624219816568208 0.009846170321736234 0.9649031976076212 14.106837768935211 0.0 0.0 0.0 1.0
0.9646745094311148 -0.020293968033928862 0.2626612366333307 2.195447834525127 0.02369588908439355 0.9996715338267398 -0.009790483019070314 -0.3437408416774994 -0.2623761919760433 0.01566864550447486 0.9648386953126692 14.164142716567646 0.0 0.0 0.0 1.0
0.9644630434559865 -0.02017410429548935 0.2634457237235837 2.20956845102744 0.023668904367079417 0.9996690518792762 -0.010098540089814707 -0.34404697147958374 -0.26315473576399395 0.015975165084994532 0.9646215843818746 14.163597032419336 0.0 0.0 0.0 1.0
0.9645298262679539 -0.023281746985806567 0.2629446244875459 2.218521249098085 0.026651114763350286 0.999602220205385 -0.00925431017558395 -0.34218453350670974 -0.26262448766714663 0.015933850377973305 0.9647667832623852 14.1813884979399 0.0 0.0 0.0 1.0
0.9645928740683541 -0.021910781409733345 0.2628310605049916 2.2352782848400907 0.025573653417704168 0.9996177890565255 -0.010523179072380106 -0.3444264881384953 -0.26249997096974736 0.016872158342818633 0.9647847293441705 14.197080125109615 0.0 0.0 0.0 1.0
0.9646111135091354 -0.021564340604744426 0.2627928101415839 2.2380198197416212 0.02526753449319296 0.9996234992947709 -0.010720176643441891 -0.3426196589347025 -0.26246261278916977 0.016980952721666404 0.9647929842489589 14.207564917325762 0.0 0.0 0.0 1.0
0.9648291990482473 -0.02236604027511304 0.2619237678512903 2.2319707602725924 0.026100837861830917 0.9996013382526434 -0.010788591400011904 -0.3475558450650602 -0.26157798321403547 0.017245602275394314 0.9650285284577508 14.186324412850803 0.0 0.0 0.0 1.0
0.964749352842846 -0.022147394675377515 0.2622361499108098 2.230841053620499 0.025884540188910482 0.999606774522413 -0.010805031696486916 -0.3471439035376883 -0.26189365486068833 0.017212033937317846 0.9649435018628908 14.189479692046985 0.0 0.0 0.0 1.0
0.9647267882415003 -0.021770453313600283 0.26235077296217585 2.230506493710067 0.02558538488424422 0.9996108424042911 -0.011133893522927839 -0.34510305644728245 -0.26200621287487474 0.017453534711203162 0.9649085994635597 14.17782985729241 0.0 0.0 0.0 1.0
0.9647882633550029 -0.02186354929586135 0.26211684635520843 2.2294990561572887 0.02567421526501303 0.9996087206668206 -0.011121945438413647 -0.34709726228905347 -0.26177104605073637 0.017459991613934023 0.9649722989212602 14.194767504138836 0.0 0.0 0.0 1.0
0.9648207220674783 -0.022031036758956905 0.2619834634432358 2.23051652416273 0.025834762518790653 0.9996050251100603 -0.011083294991082236 -0.34590636224834437 -0.26163571087702736 0.017461697098165942 0.9650089916778227 14.18662452022135 0.0 0.0 0.0 1.0
0.9663051603100046 -0.018032875283391793 0.2567661528431282 2.250074439282721 0.024575301504332833 0.9994495816900695 -0.02229402279264322 -0.34504592557233327 -0.2562227314687665 0.027852961337112632 0.966216653791256 14.2607009352188 0.0 0.0 0.0 1.0
0.9657326986691619 -0.013559698221302138 0.25918360864794177 2.244547454353962 0.019697896573496475 0.9995835163504042 -0.02110053874195182 -0.3522516139363513 -0.25878946885132076 0.02548287992511538 0.9655977777521815 14.30764218840774 0.0 0.0 0.0 1.0
0.9652941647869298 -0.02662494505816675 0.25980367163637724 2.2762388679218413 0.030211717885135745 0.9994955177601724 -0.009821817772549963 -0.35761765727301653 -0.25941103665024884 0.01733008268204136 0.9656117666793476 14.373845801492116 0.0 0.0 0.0 1.0
0.9656323707830274 -0.021459641578564344 0.2590237706997674 2.3415272327485424 0.026501629209547486 0.9995210979755431 -0.015988977929380956 -0.34688818987774106 -0.25855653996522077 0.022304051215981655 0.9657388366698985 14.536101927831178 0.0 0.0 0.0 1.0
0.9650685589116975 -0.03794260078373122 0.25923476624878483 2.366430765545581 0.03993085946371647 0.9991997989966239 -0.0024064782413958487 -0.3688423756562468 -0.25893594049581387 0.012673906189768169 0.9658115959786919 14.681309234624013 0.0 0.0 0.0 1.0
0.965978747279368 -0.03556716701214862 0.25616342685064514 2.4292485915458113 0.03671870150209823 0.9993258327442853 0.00028748149668143206 -0.379878219122071 -0.2560008874890514 0.009128308646973466 0.9666336861722012 14.932045654519346 0.0 0.0 0.0 1.0
0.9666935288375592 -0.04665031115566792 0.2516485452949431 2.498600682497118 0.05026563907427906 0.9987044181445435 -0.007954182717871102 -0.37254730646924133 -0.25095135939082003 0.020338554600060097 0.9677862301033818 15.085852126940575 0.0 0.0 0.0 1.0
0.9674850984871096 -0.04240433967818352 0.24934743469022633 2.5027148423953998 0.04337910706409322 0.999057657713235 0.0015868644744719657 -0.397061179746208 -0.24917967172051694 0.00928122277266024 0.9684130183986852 15.272078321005296 0.0 0.0 0.0 1.0
0.9701038582831151 -0.037377475337736527 0.23979393924725206 2.6642219591542746 0.037664853452092854 0.9992848964931716 0.0033856947937053513 -0.3872978048611895 -0.23974894028665264 0.0057473481042046495 0.970818187761106 15.53428869635935 0.0 0.0 0.0 1.0
0.9703215557061161 -0.039122914758458915 0.23863174776768686 2.654123103750506 0.03899977115757853 0.999225744410767 0.005239203703831153 -0.3960028606825094 -0.23865186834269916 0.004222894576456661 0.9710962589360839 15.741617856144583 0.0 0.0 0.0 1.0
0.9725968775817075 -0.02663824482456376 0.23096610795061948 2.7177767140957547 0.02791067645695321 0.9996081156537409 -0.0022431539000016404 -0.387737677407644 -0.23081577838364317 0.008628126414536755 0.9729594467963112 15.875651726153093 0.0 0.0 0.0 1.0
0.9716996070285896 -0.03690765643995276 0.23331821752329043 2.7210798261807856 0.0429856520978049 0.9988548382836419 -0.021017700053555542 -0.3989061827462124 -0.23227522561180688 0.03045225127799245 0.972173523891342 16.08877424020086 0.0 0.0 0.0 1.0
0.9733266477254559 -0.03702275726422308 0.2264159140774788 2.7784377503174063 0.041272533872141456 0.9990491902193244 -0.014063350385066998 -0.38798958498306074 -0.2256798644729074 0.023033016527129323 0.9739294405305717 16.211492192720215 0.0 0.0 0.0 1.0
0.9735060905367043 -0.022180278935317287 0.2275820241206603 2.7817891495311615 0.025670431872521965 0.9995939333449743 -0.01238722760535975 -0.4152426594129382 -0.22721477396851766 0.01790119517348178 0.9736803489500839 16.452123364317515 0.0 0.0 0.0 1.0
0.9743753193873264 -0.028364054579730263 0.22313204169032097 2.8574614890327528 0.03116180341401494 0.9994738300966335 -0.009027046078471707 -0.421234527312232 -0.22275851199524993 0.01574895111539397 0.9747466887892673 16.609632013721814 0.0 0.0 0.0 1.0
0.9751108279856538 -0.03105220834791442 0.21953199503139215 2.881587353194172 0.03341087254479204 0.9994171466540283 -0.00703886269052939 -0.438354672895642 -0.21918538961671868 0.014198450088216182 0.9755801446267752 16.715597093856836 0.0 0.0 0.0 1.0
0.9770634711430316 -0.037614862800463375 0.20959900576117374 3.0161770757578763 0.04116290189883102 0.9990733705217812 -0.012589867416277538 -0.440468253387951 -0.2089311297137452 0.02092882582417291 0.9777066485074055 16.920641791017562 0.0 0.0 0.0 1.0
0.9765906443366216 -0.011345518094268696 0.214807850458556 3.1133302193319916 0.013082761725813193 0.9998923892889665 -0.006667357966368115 -0.42670960425805615 -0.21470889454250047 0.009321599547038368 0.9766339034065152 17.169160991920666 0.0 0.0 0.0 1.0
0.9767874806225637 -0.013864065108457753 0.2137624730748834 3.104716876065126 0.017830505143645998 0.9997027819863421 -0.01663840420187949 -0.45013877409766684 -0.2134680643973933 0.020063715956018524 0.9767442729557224 17.331449937033874 0.0 0.0 0.0 1.0
0.976692057134523 -0.025645749619049904 0.21310875834173212 3.14670438065795 0.028933705016992533 0.9995055592340809 -0.012323493485996864 -0.47044001612528763 -0.212687150362382 0.018202321107992216 0.9769510727046633 17.507273438970135 0.0 0.0 0.0 1.0
0.9796191493907492 -0.025477052784490348 0.19924275059119806 3.2333944536375556 0.02667658083281123 0.9996387762690723 -0.0033378118475067753 -0.4823975748358082 -0.19908553193746437 0.008584938952450393 0.9799447784810997 17.707407344415586 0.0 0.0 0.0 1.0
0.979841002387642 -0.03210915966319458 0.19718276873607207 3.2356209363062294 0.03363376381588821 0.9994248445608721 -0.004387021267082827 -0.48190900691597377 -0.1969283069261062 0.010930620220091553 0.9803572237926581 17.971120491807685 0.0 0.0 0.0 1.0
0.9819202005520943 -0.02978347718338795 0.18693878825786375 3.337795824652046 0.03069465987514314 0.999527065577457 -0.001980909322691954 -0.48919556170773254 -0.18679119021893612 0.007683155086640234 0.9823698682389623 18.123248348623157 0.0 0.0 0.0 1.0
0.9816918102913803 -0.044132423417914665 0.185294206778085 3.3487690622314332 0.046340143742741216 0.9988970554488666 -0.007598661176650458 -0.5079402847083906 -0.1847542901058648 0.01604613892769851 0.982654000884476 18.271850228374685 0.0 0.0 0.0 1.0
0.9837300949131129 -0.027553145072907317 0.17752833323917316 3.396879208886697 0.03144778397189186 0.9993219541678682 -0.019161256767008125 -0.4929523711005721 -0.17687981764214472 0.024432413267562087 0.9839294048538969 18.46133084176732 0.0 0.0 0.0 1.0
0.9840590772325545 -0.029152085975966385 0.1754372998970813 3.4404566959949685 0.03164925618031841 0.999433661820749 -0.011452296601093837 -0.5095988642927529 -0.17500389137191785 0.01682223434329599 0.984424288779095 18.63890030826686 0.0 0.0 0.0 1.0
0.9836006652824123 -0.032584473128075275 0.1773932912739477 3.4487535277037606 0.029832880693598896 0.9993901957863783 0.018157203872729104 -0.5350222633704574 -0.1778765870743283 -0.012567243734364783 0.9839727993548528 18.746442139228407 0.0 0.0 0.0 1.0
0.9849984074065031 -0.025259370047118184 0.17070594205946854 3.4267096019526315 0.02828999116611196 0.9994821862175003 -0.015343927329540407 -0.5177389242971056 -0.17022978693170376 0.019943050042865014 0.9852028529832111 18.921743757605796 0.0 0.0 0.0 1.0
0.9850660781511006 -0.021896910201507077 0.17077984923071374 3.4477604615935578 0.022699136315265402 0.9997388156562018 -0.0027459612083396336 -0.5404808841497434 -0.17067492849267688 0.006581549492514699 0.9853056889515486 18.955988815446826 0.0 0.0 0.0 1.0
0.9851684513589037 -0.01754500772389993 0.17069186504962527 3.421707409642671 0.019287096000628962 0.9997775982668361 -0.008552989224834547 -0.531452414864147 -0.17050366167660383 0.011718324419473767 0.985287657433239 18.9746632536989 0.0 0.0 0.0 1.0
0.9851358994301058 -0.015730762646316544 0.17105615812076425 3.4350772713943076 0.01770173458946872 0.9997934900475377 -0.010003108822107887 -0.5377608183056115 -0.17086329307658654 0.012882452218008471 0.9852107833086947 19.01287957697308 0.0 0.0 0.0 1.0
0.9851129309888956 -0.01603746849609197 0.17115994954031188 3.4271411188552157 0.018319943464633698 0.9997631835250163 -0.011764074856064975 -0.5230360007374133 -0.17093057432289185 0.01472462264179186 0.9851732903284447 18.982972825236935 0.0 0.0 0.0 1.0
0.9851407705078213 -0.01649260208306643 0.17095616331274519 3.4460394104636207 0.018730789522687457 0.9997588198336322 -0.011487380095743554 -0.536747837656256 -0.1707252824958853 0.01451887053095867 0.9852119909464118 18.988963768425194 0.0 0.0 0.0 1.0
0.9851449293059642 -0.016443934742487617 0.17093716029297082 3.4423095077028685 0.018705887735379262 0.9997575785733293 -0.011630329565438177 -0.5358756147002045 -0.17070428835433768 0.014655130479202222 0.9852135775584479 18.993876103405583 0.0 0.0 0.0 1.0
0.9852143882993656 -0.016585108582960705 0.1705226105607819 3.4433373770224946 0.01876689726730936 0.99976146366992 -0.011190648350402158 -0.5367207558693794 -0.1702961599778403 0.014225407148624886 0.9852905177149093 18.98762306084655 0.0 0.0 0.0 1.0
0.9852035299105867 -0.016371701988136703 0.17060586430718325 3.4436709754755643 0.0186795023370851 0.9997545816960007 -0.011930571125421573 -0.5314388730803944 -0.17036848118248613 0.014940914112415372 0.9852673927183484 18.979656346215663 0.0 0.0 0.0 1.0
0.9851551849919499 -0.016390646133639518 0.1708830947758324 3.438856360877841 0.01865331360318326 0.9997584576316958 -0.011643750166840059 -0.5339235415172061 -0.17065078573014356 0.014658476311253317 0.9852228279424426 18.9756741172927 0.0 0.0 0.0 1.0
0.9852200667137069 -0.016497686286425933 0.1704980875216297 3.4421480777201827 0.0187820899058205 0.9997542877682045 -0.011794017983971783 -0.5342072253324692 -0.17026143045246395 0.014822053650170522 0.9852877401684861 18.985504902929044 0.0 0.0 0.0 1.0
0.9865993410953727 -0.01108057433236719 0.16278610304060082 3.465077658857343 0.016225207213985654 0.9994091084331325 -0.030308167290809304 -0.5041238030951181 -0.16235390770216984 0.03254329598597612 0.9861960443115778 18.981197941554605 0.0 0.0 0.0 1.0
0.98600657825155 -0.018832408602121355 0.16564045615141942 3.4787946157624656 0.022111078425555035 0.999594188428153 -0.017972046991745302 -0.5104085162393688 -0.16523459221755543 0.021383083893388454 0.9860227082180619 19.09369625305169 0.0 0.0 0.0 1.0
0.9822266959394286 -0.007009094881854464 0.18756853346560334 3.480937211588528 0.011616319953399961 0.9996571513027998 -0.02347496124103896 -0.5296518075820791 -0.18733949482540646 0.025236630501021838 0.9819712524926697 19.171538961746307 0.0 0.0 0.0 1.0
0.9665434277248508 -0.016011604563144665 0.2560036461415191 3.4693084266663177 0.017863589931934355 0.9998285969503599 -0.004910358934235474 -0.5580925765113913 -0.2558809461466987 0.009319259611729643 0.966663648555541 19.24925619167601 0.0 0.0 0.0 1.0
0.9587855633385621 -0.0148193168898162 0.283744621800744 3.49619506767168 0.016815221452005674 0.9998482275250355 -0.004599630051010081 -0.5552942900517546 -0.2836331989367411 0.009181328547709514 0.9588891987082773 19.35430298148594 0.0 0.0 0.0 1.0
0.9601385253634154 -0.004713002133937964 0.2794857096114542 3.5170529244933477 0.002469034624461175 0.9999620304361909 0.008380451680730287 -0.5888433634531939 -0.2795143964881941 -0.007356290317068798 0.9601136043436787 19.570984278757262 0.0 0.0 0.0 1.0
0.9611970883906457 -0.01827275961767949 0.27525735292728887 3.595885213960481 0.017616415168794374 0.999833259177931 0.00485679033752294 -0.5820642917350064 -0.2753000153375402 0.00018075535560240137 0.9613586417268388 19.662375775460916 0.0 0.0 0.0 1.0
0.9619565743515429 -0.017200158948660744 0.27266116332348483 3.6514220821794763 0.017952863162615365 0.9998389956690629 -0.00026581879577606524 -0.5665326964010036 -0.27261251754662785 0.005150795822343737 0.9621104142244995 19.821205639527086 0.0 0.0 0.0 1.0
0.9702227184175423 -0.015883759641673517 0.24169398981948625 3.7541328862004346 0.017158609259688387 0.9998479503684424 -0.0031706309075530147 -0.5792828531499736 -0.24160669950162889 0.0072233917151151876 0.9703476566731566 20.014483224058075 0.0 0.0 0.0 1.0
0.9856676252131655 -0.03860551475193303 0.16422330499422197 3.868928755481285 0.0391887646683729 0.9992320119988771 -0.0003119469185567333 -0.5907729060842517 -0.16408495752452862 0.006743221667992469 0.9864234099734239 20.30338066063952 0.0 0.0 0.0 1.0
0.994225279355863 -0.024079957761633203 0.10457851326794138 3.958480049491192 0.0252134970542103 0.9996368667041763 -0.00953041118877059 -0.5593070207829378 -0.10431087296136883 0.012112204364910596 0.9944712275994412 20.545900942355644 0.0 0.0 0.0 1.0
0.9941600200233303 -0.02717925889102343 0.1044392738405367 3.980939561512251 0.028037602327849336 0.9995842564785955 -0.006758957389481253 -0.5681541458158885 -0.10421197680374918 0.009647751016467988 0.994508574416457 20.77587842253469 0.0 0.0 0.0 1.0
0.9945574869399787 -0.016092115719630182 0.10294071106965656 3.9861580155925918 0.017324989737654888 0.9997886142686787 -0.011093592483618136 -0.574783302444422 -0.10274025739876425 0.012816702815370371 0.9946259174902623 20.97428228333249 0.0 0.0 0.0 1.0
0.9945397976940628 -0.035525861833849974 0.09812715379893945 4.011202529163991 0.03642740497309715 0.9993090752508518 -0.007410630687326283 -0.5758862023264573 -0.09779590522720094 0.010944721886749791 0.9951465929332287 21.122019647131612 0.0 0.0 0.0 1.0
0.9958368513306591 -0.018358273844852547 0.08928791501632835 4.025419916758408 0.018645782474379608 0.9998235086124849 -0.0023868639104833033 -0.5845734967122096 -0.08922816790201753 0.004041810763886691 0.9960032706074499 21.372746129869135 0.0 0.0 0.0 1.0
0.9958822716161957 -0.028847424245801216 0.08594585802984435 4.080701601243431 0.028888139582717805 0.9995825583815728 0.0007702631060189344 -0.5923469415557046 -0.08593202981532871 0.001715764775410541 0.9962997911778869 21.529471716427928 0.0 0.0 0.0 1.0
0.9960532679408861 -0.03002732001122005 0.08352638182540863 4.0621425006969565 0.03120744149471982 0.9994304547468962 -0.012858845413184189 -0.587343270812845 -0.08309251484395233 0.015414776935836955 0.9964228983180786 21.699851901953704 0.0 0.0 0.0 1.0
0.9967789409128143 -0.03131395307419686 0.07383506634358966 4.0914595831184934 0.03169382886311817 0.9994899279645988 -0.003978529367072893 -0.5976192296670877 -0.07367265303700318 0.006305868298487273 0.997262801249393 21.880713960345652 0.0 0.0 0.0 1.0
0.9970064784426134 -0.036639657428327047 0.06808848906658226 4.115433578419611 0.03679238983910413 0.9993226684673049 -0.0009899748285426392 -0.6044406928520618 -0.06800592592080122 0.003492187086308875 0.9976790953107373 22.050669975981073 0.0 0.0 0.0 1.0
0.9978464444779287 -0.02069392493137967 0.06224697284426709 4.1347842827794805 0.02145903479484509 0.9997020981344085 -0.011648039838946264 -0.5995753190126931 -0.06198721963819872 0.012958754007184098 0.9979930749311657 22.252021957357766 0.0 0.0 0.0 1.0
0.9973668050177342 -0.03682010658072101 0.06248276841889198 4.133299064222923 0.03722154038471045 0.9992933229991915 -0.005272451905908728 -0.6196529091984677 -0.062244311001510975 0.007584310142071974 0.9980324030492418 22.399108346235227 0.0 0.0 0.0 1.0
0.9973882190096963 -0.03507196418587569 0.06314319656671287 4.123800080341663 0.0358181155896715 0.9993009937096762 -0.010723450553206558 -0.619187206597936 -0.06272279690786857 0.012957150149537446 0.9979471618487126 22.490383147565115 0.0 0.0 0.0 1.0
0.9976726957758532 -0.03256531375820731 0.059908978084828424 4.128615422326959 0.03357749953507838 0.9993087945422479 -0.01596665543293033 -0.615455320315235 -0.059347439204788265 0.017941126085265775 0.9980764381138344 22.55255086406429 0.0 0.0 0.0 1.0
0.9979023989529894 -0.029092738666266306 0.05783435682348153 4.133675970197707 0.03013986856493271 0.9993959084054593 -0.01731632955746736 -0.6136728079160411 -0.05729546974629776 0.019023163671625036 0.9981762946475125 22.57516519892522 0.0 0.0 0.0 1.0
0.997919416843501 -0.029168265511536933 0.05750214515122473 4.133234956838375 0.029874116068409878 0.9994882949316961 -0.01145376738445997 -0.6176430961280933 -0.05713846723518889 0.01314780094813376 0.9982799228758714 22.59117451892554 0.0 0.0 0.0 1.0
0.9978868811610202 -0.030574378828417546 0.05733583306203045 4.13142702412508 0.03133344635714721 0.9994324266318235 -0.012386717455876405 -0.6188783295437494 -0.056924407476970286 0.014157108755899917 0.9982783915832919 22.582591506604707 0.0 0.0 0.0 1.0
0.9979287810261014 -0.030837222915519266 0.0564593390437551 4.134226790628771 0.03161172368043944 0.9994175036212798 -0.0128762168518784 -0.6188689137738573 -0.05602921809834989 0.014634361335555022 0.9983221399330392 22.60382464898862 0.0 0.0 0.0 1.0
0.9979166610851753 -0.030951409556142815 0.056610140135497415 4.137780619629708 0.03170932560447139 0.9994186778175856 -0.012539152213661975 -0.6219658149173154 -0.05618896073472328 0.014308135889846979 0.9983178669279232 22.600653483034346 0.0 0.0 0.0 1.0
0.9979010131153396 -0.031506996293831434 0.05657998520412213 4.137731398372194 0.03228342790863704 0.9993962174203251 -0.012861207551121074 -0.6190074860501501 -0.05614043870674947 0.014660844999519753 0.9983154924771632 22.599590753811633 0.0 0.0 0.0 1.0
0.9979334517153405 -0.03097715642483246 0.05629959177860017 4.139873595356676 0.03175306636203197 0.9994122299220398 -0.012939617501883672 -0.6184811225428373 -0.05586549943185855 0.014700599687520657 0.9983303253856637 22.596062878229652 0.0 0.0 0.0 1.0
0.9979087284437639 -0.030943607568349542 0.05675420799523202 4.136156549409769 0.03175512797558578 0.9994053607960792 -0.013452894040728698 -0.6152057811497622 -0.05630400910516585 0.015227034582899673 0.9982978338914874 22.58895689470413 0.0 0.0 0.0 1.0
0.9978925426334102 -0.03073510002383712 0.057151057732300684 4.13104038518308 0.03154307302352932 0.9994142419130009 -0.013289239284622074 -0.6165735769251495 -0.0567089682207333 0.015063989324864246 0.9982773778970059 22.582003382874923 0.0 0.0 0.0 1.0
0.9978946369269801 -0.03099341800754429 0.05697489484245709 4.133971551630433 0.03180166242659989 0.9994054944323256 -0.01333415261965635 -0.6139430056419325 -0.0565275822758865 0.015118012653424665 0.9982868591825563 22.57841887804946 0.0 0.0 0.0 1.0
0.9979142217949512 -0.031133873755158734 0.056553688299195756 4.134543259581702 0.03194232624624527 0.9993994503316391 -0.01344773152030596 -0.6139640492565775 -0.05610087829269854 0.015226175443605088 0.9983092716382868 22.581096709222766 0.0 0.0 0.0 1.0
0.9979109128775627 -0.031173979624273228 0.05659000860158898 4.135852669712548 0.031978017055654936 0.9993995077902545 -0.01335828592030629 -0.611952653651394 -0.05613942931531005 0.015140052253324182 0.9983084008638674 22.58274373427762 0.0 0.0 0.0 1.0
0.9979349020560555 -0.030954749280969834 0.05628610841938203 4.138813139012391 0.03172878717369999 0.9994133428049521 -0.012910284683316797 -0.6152590882720719 -0.05585328578622876 0.014669550728927644 0.9983314830394505 22.576271488647343 0.0 0.0 0.0 1.0
0.9979249628659427 -0.030732824889769094 0.05658274357362205 4.135074146088686 0.03151006602816544 0.9994204409446433 -0.01289551840385419 -0.6178846894935972 -0.056153467197153875 0.014651723209395912 0.9983148913973402 22.582925960022575 0.0 0.0 0.0 1.0
0.9978719517747541 -0.030860980174234096 0.05744166997097118 4.129673055560847 0.03167665769914183 0.9994093404948012 -0.013343874009712991 -0.6167335735212165 -0.05699576650561392 0.015135075845710376 0.9982599342396723 22.582404682160302 0.0 0.0 0.0 1.0
0.9978858779164859 -0.030748330101977105 0.057260255254040146 4.126848675972816 0.03155462585092083 0.9994146793050358 -0.013230429407662215 -0.6202610716712293 -0.05681975854918114 0.01500932154411117 0.9982718959090341 22.587234523549014 0.0 0.0 0.0 1.0
0.9979229908819115 -0.03074984764416516 0.05660919296709636 4.135642727888364 0.031556303592752 0.9994122561354151 -0.013407349792346744 -0.6175991526715012 -0.056163481938259596 0.015165916427874623 0.9983066397640531 22.588667256797446 0.0 0.0 0.0 1.0
0.9978985426988197 -0.030839671867275473 0.05698956086659668 4.13568975174471 0.03163493630897549 0.9994137947847742 -0.013105193173206573 -0.6194572241949932 -0.05655182524475275 0.014880551650462705 0.9982890281197384 22.590055133745558 0.0 0.0 0.0 1.0
0.9978342626386266 -0.030980617288803417 0.058028745209979686 4.140636271229796 0.03191461191952096 0.9993746269775232 -0.015238064801268221 -0.6106892142804321 -0.05752020302439223 0.017057064637793506 0.9981988962605434 22.570521174124323 0.0 0.0 0.0 1.0
0.9979474486578401 -0.03304657792127385 0.054856722980824224 4.141391101945512 0.03362598233643445 0.9993878824475102 -0.009672586809598704 -0.6300584012382403 -0.05450333173801143 0.011497381228849904 0.9984476678982358 22.676757620685223 0.0 0.0 0.0 1.0
0.9983462823376018 -0.028450146894749475 0.04995681122162857 4.139900709221153 0.029024810938473505 0.999520384288669 -0.010815446262043891 -0.6334963840171601 -0.04962498496746806 0.012247585897271677 0.9986930655871307 22.76111878214404 0.0 0.0 0.0 1.0
0.9982847304250883 -0.04369271104731215 0.03897390865271288 4.156128188812843 0.04429036022373922 0.9989121356037014 -0.014604720091672744 -0.6412913403000258 -0.03829322574465307 0.016305872112866646 0.9991337453888107 22.849196754393063 0.0 0.0 0.0 1.0
0.9993822076468577 -0.03187570202706843 0.014815896467592135 4.143897301670114 0.032108561021586005 0.9993604723912054 -0.015753769506058946 -0.6471103388677224 -0.014304090206710113 0.016219791902778335 0.9997663736967812 23.014266889836662 0.0 0.0 0.0 1.0
0.9992068650684037 -0.03601052024178997 0.017007403613408183 4.169066071898584 0.03618841246672156 0.9992924315785449 -0.010269993938619765 -0.6436244691420395 -0.016625373623164737 0.010877356213486735 0.9998029073422631 23.14321246161578 0.0 0.0 0.0 1.0
0.9993258480543719 -0.03194822605747908 0.018098008162810316 4.161118622272468 0.03220676186881748 0.9993808756743178 -0.014178320009293373 -0.6559946354620607 -0.017633671556288224 0.014751677078220119 0.9997359521018715 23.291092894540427 0.0 0.0 0.0 1.0
0.9992359307645562 -0.0381115653602091 0.008688811709866783 4.178450828730705 0.038189197037548014 0.9992306546902816 -0.008950247095415972 -0.6689785823988209 -0.008340857100447074 0.009275264172448663 0.9999224807358406 23.478444077944793 0.0 0.0 0.0 1.0
0.9992367321164043 -0.03884545361367324 0.004173776417474593 4.180674518367507 0.03890042994481176 0.9991450370942431 -0.0140139162228851 -0.6658614550846358 -0.003625673299617184 0.014165617724814639 0.9998933260060658 23.622950348454406 0.0 0.0 0.0 1.0
0.9996175509153246 -0.027660613114098016 -7.777379850598959e-05 4.177929208031079 0.027649076872164613 0.9992741756574487 -0.026211529990452506 -0.6681193998148174 0.0008029048585386226 0.026199390792838624 0.9996566857677996 23.818404652059243 0.0 0.0 0.0 1.0
0.9986435289729625 -0.05178890092497293 -0.005420912953964745 4.207887758483895 0.05169235265159924 0.9985245064159325 -0.016649311342163242 -0.6810501472596635 0.006275320264157192 0.016346541718683445 0.99984694926081 23.96500552991982 0.0 0.0 0.0 1.0
0.9994654820905047 -0.030571899590525344 -0.011599759974980745 4.174832770529246 0.03040697832435873 0.999437831233004 -0.014137709116048558 -0.6959080343405106 0.012025611764501377 0.013777475901263898 0.9998330282848966 24.17728353409115 0.0 0.0 0.0 1.0
0.9993150349436077 -0.03402996591026262 -0.01455260890231818 4.218550410109844 0.03378155049547016 0.9992850399616845 -0.016988622936755755 -0.6847958973249042 0.015120496510523275 0.016485412807801324 0.9997500482170578 24.258686230517135 0.0 0.0 0.0 1.0
0.9993928850902566 -0.030931331610275288 -0.016048899939968917 4.218887116305547 0.03033889075608489 0.9988938944355423 -0.03593090111522645 -0.6785818638802821 0.0171426972171524 0.035422212882968186 0.9992256432459262 24.41798907140536 0.0 0.0 0.0 1.0
0.9995156009488984 -0.020409961985124233 -0.023502499700178064 4.220928223886927 0.019970404039625116 0.9996242694973017 -0.018787999263429226 -0.7084305968907805 0.023877293533974508 0.01830958282020593 0.9995474747065181 24.569816899270517 0.0 0.0 0.0 1.0
0.9996535311180021 -0.01739029786992197 -0.019769356998778926 4.197175664873544 0.016905664306785174 0.9995589589372509 -0.024423095280925317 -0.7126128014746814 0.020185507371107372 0.024080456290617797 0.9995064721033263 24.78204019820999 0.0 0.0 0.0 1.0
0.9993995572911581 -0.02178662069949544 -0.02695038708882436 4.196798542698841 0.021335634277335556 0.9996296005119525 -0.016910058716717368 -0.723130165663668 0.027308970332034728 0.016324940252125008 0.9994939943122159 24.960010950275098 0.0 0.0 0.0 1.0
0.9986879427554656 -0.03913583786507369 -0.033032091555108695 4.2125826948122596 0.038763963762623484 0.999178627138188 -0.011824661904800473 -0.7284985274227275 0.033467883151455796 0.010528728538574863 0.9993846176879789 25.087472773533403 0.0 0.0 0.0 1.0
0.9991481341183127 -0.01630300261324471 -0.03791624651474997 4.19337638383595 0.01546706325978812 0.9996333024225481 -0.022236973636445445 -0.7357733295621387 0.0382650251887895 0.02163161543252099 0.9990337428322199 25.28035399702276 0.0 0.0 0.0 1.0
0.9987626564040204 -0.02848098706645184 -0.040772589440916183 4.202130444631953 0.027723013683841845 0.9994345818743592 -0.019036744590462965 -0.7401145463738618 0.041291871986704066 0.017882888094437513 0.998987319255357 25.389231033100465 0.0 0.0 0.0 1.0
0.9984160026043978 -0.029522044696183827 -0.04789861073048156 4.192939911682306 0.028301873999308818 0.999262580160294 -0.025955552635941865 -0.744122965726902 0.048629702795360434 0.024558854697383628 0.9985151730644131 25.544292786738147 0.0 0.0 0.0 1.0
0.9981285689367719 -0.022159116527447172 -0.05699723318992705 4.160627483414288 0.02102328388272523 0.9995700233615111 -0.02045100577092981 -0.7593372156389013 0.05742604685740892 0.01921450176999233 0.9981651315088315 25.716609718845394 0.0 0.0 0.0 1.0
0.998359184094067 -0.014153254704278317 -0.055489109437383576 4.142272297287593 0.013204873423354392 0.9997612704167183 -0.0174209770574366 -0.7708407805632779 0.055722569950475344 0.01665970540213299 0.998307541803218 25.848887745890767 0.0 0.0 0.0 1.0
0.9984707596761294 -0.011779190131847857 -0.05401625862202099 4.1571665658473504 0.012434652994847474 0.9998531129906768 0.011814479191442531 -0.7893145812939703 0.053869306120968206 -0.012468042687942864 0.99847043796394 25.98573626412733 0.0 0.0 0.0 1.0
0.9973785323011989 -0.03062119598694709 -0.06556560707199159 4.140725444044774 0.02979630973020293 0.9994647536299861 -0.013522506830792006 -0.7801846577899509 0.06594473505056153 0.011533482698166996 0.9977568700969088 26.081480686272442 0.0 0.0 0.0 1.0
0.9975682248161981 -0.02448612859154486 -0.06525718973118506 4.146504270928707 0.023918962392322798 0.9996693881079904 -0.009458579841891348 -0.7822204457614741 0.06546736688418006 0.007874733441570622 0.9978238894223428 26.129508458512515 0.0 0.0 0.0 1.0
0.9975450245499125 -0.02520317373839899 -0.06533814434737661 4.146417136446822 0.024589351083110212 0.9996459945417666 -0.010181965105862905 -0.7823761052369778 0.06557178327099189 0.008550385492869728 0.9978114729370836 26.14414350833219 0.0 0.0 0.0 1.0
0.9976530884128236 -0.02485103792552504 -0.06380531462269033 4.133886672016112 0.024188914486932354 0.9996456742648941 -0.011129039463958646 -0.7872246513648075 0.06405942636324237 0.009559577918646561 0.9979005910153795 26.155440381559565 0.0 0.0 0.0 1.0
0.9976521987176468 -0.025129413640538664 -0.06370991124606268 4.129726500086506 0.024389737195114173 0.999626342867924 -0.012361517098940823 -0.7821720080361342 0.06399689431202973 0.010778666593357484 0.9978921327145481 26.159051291917393 0.0 0.0 0.0 1.0
0.9976733668367447 -0.026030203435339773 -0.0630128744536182 4.118819544409907 0.02465011290275911 0.9994412974434259 -0.022581127927486233 -0.7894471278677273 0.06356561391462001 0.020975353275460226 0.9977574712492111 26.200227250506813 0.0 0.0 0.0 1.0
0.998016855576322 -0.027450016573497226 -0.05665046320678056 4.12699300746307 0.026449668291315235 0.9994822491895672 -0.018333366012265498 -0.7887585235261192 0.0571245312406985 0.01679865930622542 0.9982260182067386 26.26261122188394 0.0 0.0 0.0 1.0
0.9994904259333989 -0.020790777044959147 -0.02422782847776686 4.131782382872029 0.020451878708603127 0.9996909025600783 -0.014152988622951102 -0.7900026672320519 0.024514742832790787 0.013650311436112656 0.9996065391622478 26.3717374592686 0.0 0.0 0.0 1.0
0.9988968712167311 -0.03180999153620306 0.03454853811699429 4.139523948571212 0.03209452016336774 0.9994553128340002 -0.007712207443747256 -0.7921395895693367 -0.034284230936481676 0.008812556764901778 0.9993735250246412 26.527834427367267 0.0 0.0 0.0 1.0
0.9961556830693798 -0.037486758664446236 0.0791771532240297 4.154342051913114 0.03821356891921454 0.9992402503338053 -0.007683771650350229 -0.7987490579080219 -0.07882879032920159 0.010679910852425518 0.9968312297171947 26.66409439752333 0.0 0.0 0.0 1.0
0.9972645604779704 -0.028608232916351884 0.0681566734994201 4.171682337656847 0.028671681339640855 0.9995891022973338 4.7376401250788e-05 -0.8042405808984977 -0.06812984937605805 0.0019069599505948218 0.9976749302419236 26.84770618359284 0.0 0.0 0.0 1.0
0.9968498094047684 -0.04092100463938584 0.06794319803093468 4.189842244540896 0.03896031277317064 0.9987924592874263 0.029936934496542278 -0.8185636018713426 -0.06908602977861956 -0.027195494314020983 0.9972402170062352 26.974129383552885 0.0 0.0 0.0 1.0
0.9975714800888993 -0.03507442147910555 0.06017697841990399 4.19185522369368 0.03561227588026519 0.9993347850054711 -0.007888401267311496 -0.8000887958024672 -0.05986009654092316 0.010012321282353303 0.9981568161247473 27.022813734152983 0.0 0.0 0.0 1.0
0.997566548923336 -0.03307456486681435 0.06137996379009313 4.199816532686333 0.03327128966929925 0.9994441637802658 -0.002185355045634507 -0.8064507567967242 -0.061273400459097106 0.00422226632335542 0.998112361605111 27.09874477413851 0.0 0.0 0.0 1.0
0.9979882520855559 -0.03363238133301318 0.053746301147336493 4.206653009226753 0.03422333347817568 0.9993632985640879 -0.010112625756964236 -0.8059510169376991 -0.05337179897289524 0.011931697337877242 0.9985036716912339 27.22205910472227 0.0 0.0 0.0 1.0
0.9969710477741629 -0.05239027455958307 0.05748413886719767 4.224461152739316 0.05137321825119937 0.9984984116869624 0.019031283232183324 -0.8137904068486678 -0.05839470676777885 -0.016020451629667115 0.9981652792719696 27.362805682996438 0.0 0.0 0.0 1.0
0.9982648557564403 -0.03214699975692982 0.04933855086991378 4.214540825229567 0.032845539158272416 0.9993706543541099 -0.01341290259686722 -0.8069464375914419 -0.04887614817641007 0.015010216843011464 0.9986923436169812 27.506335345191157 0.0 0.0 0.0 1.0
0.9979699555223078 -0.03863695256122183 0.05063106554355124 4.235562049506207 0.038680695923356316 0.9992518451445832 0.00011605003176104653 -0.8346236243290881 -0.050597499623935505 0.0018426671457222943 0.9987177050772639 27.659390980970972 0.0 0.0 0.0 1.0
0.9981899379291004 -0.0405455154111035 0.044421699588354124 4.249677396011672 0.041203611034904275 0.9990529235954551 -0.014000202431307096 -0.8287924618085203 -0.04381181351939846 0.015805231257701058 0.9989150644526114 27.823517566843964 0.0 0.0 0.0 1.0
0.9987974911379628 -0.03172685651493983 0.037381348657814076 4.2545881584022 0.032117209571031355 0.9994354347268233 -0.009888378912565781 -0.8330667859801747 -0.03704634924501807 0.011077110279562303 0.9992524475835003 27.97842083748104 0.0 0.0 0.0 1.0
0.9972664366634718 -0.036607636402724145 0.06418688385200656 4.259304371275399 0.0369710799596138 0.9993064995611463 -0.004483193228229381 -0.84264838943549 -0.06397808395232224 0.00684403558641739 0.9979280793110987 28.14488013292336 0.0 0.0 0.0 1.0
0.9954214293493242 -0.02783220082065938 0.091443776792356 4.273610454710999 0.027956881365710756 0.9996093518311219 -8.251335476680895e-05 -0.8518928421900265 -0.09140558456022822 0.0026386579333808383 0.995810501233623 28.320669261269256 0.0 0.0 0.0 1.0
0.9955223056610955 -0.038464835127851586 0.08634929234264015 4.287356276909903 0.039331358920593695 0.9991914975138213 -0.008355632103877205 -0.8458767842522579 -0.08595790361544772 0.011714489007845826 0.9962301829821674 28.483590864961947 0.0 0.0 0.0 1.0
0.9943773610970058 -0.03185233136962199 0.10099260071807324 4.3022796492805035 0.03215972626872935 0.9994819311939819 -0.0014166116763233358 -0.8671434235902461 -0.10089498168354381 0.004656578275824977 0.9948864757410804 28.63761247092005 0.0 0.0 0.0 1.0
0.9852012004932714 -0.05147712161332772 0.1634903275793798 4.3295556640038555 0.05229895869011517 0.9986314528121151 -0.0007237248247483325 -0.8753911499522691 -0.16322914510985786 0.009263422844464552 0.9865449921698632 28.80113174682131 0.0 0.0 0.0 1.0
0.9858511035176744 -0.04816374054500878 0.16055595439559625 4.372664270789784 0.048129208507391115 0.998832888203411 0.004106351103930737 -0.8785699011382879 -0.16056616237382945 0.0036792163445317156 0.98701849283412 28.95149459061952 0.0 0.0 0.0 1.0
0.9879352019554981 -0.036735541360487546 0.15044894320662705 4.391141860350262 0.036007899906840266 0.9993231286715877 0.0075587619346237185 -0.8901691701860478 -0.15062461086440881 -0.002050177922525153 0.9885891904584289 29.148831637673922 0.0 0.0 0.0 1.0
0.9964105269117673 -0.0411919860401964 0.07395745811094018 4.4202866157998955 0.04214621322270017 0.9990467552205545 -0.011387678678713244 -0.8721311591439959 -0.07341770963265995 0.01446386484311916 0.9971966573839253 29.29549546084273 0.0 0.0 0.0 1.0
0.9985548346624709 -0.03222246320990575 0.043016047926364744 4.42609580682004 0.03297449450047883 0.9993137255459855 -0.016888733719812206 -0.8787281049093364 -0.04244216501612927 0.018282795652128547 0.9989318881146076 29.45062377945181 0.0 0.0 0.0 1.0
0.9979343691642446 -0.049487474306879144 0.04096772447257033 4.450906447979387 0.05024536530006358 0.9985806018659669 -0.017680768139736024 -0.8857536473667713 -0.04003442972839151 0.019702717650610754 0.9990043081108632 29.609070489391037 0.0 0.0 0.0 1.0
0.9989871723870705 -0.029868997959359923 0.033658710181587885 4.469488572482536 0.030239946748941007 0.9994870219011637 -0.010565941024354363 -0.8944700082527468 -0.033325689217384505 0.011573115038634028 0.9993777847125409 29.75403389508183 0.0 0.0 0.0 1.0
0.9983627004789672 -0.04683504122127561 0.032844714639307375 4.48140159399639 0.04733299919137884 0.9987733974140351 -0.014550406226528752 -0.8922155211895911 -0.03212279078023548 0.016081256314449892 0.9993548119809518 29.915505806484415 0.0 0.0 0.0 1.0
0.9988984327926355 -0.04010672423337742 0.02436783019094324 4.499272891972037 0.04008302198672607 0.9991955173183676 0.0014607717345837758 -0.9104945686441608 -0.024406651263310552 -0.0004823873064760972 0.9997022732416156 30.080294314462083 0.0 0.0 0.0 1.0
0.998764264153848 -0.0428746775260149 0.025142241916069157 4.501803481596335 0.04288377469939571 0.9990802737203712 0.0001777323942289355 -0.9208598903728606 -0.025126575278586534 0.0009007198426725201 0.9996841384798301 30.218354841410996 0.0 0.0 0.0 1.0
