227.3455810546875 223.263671875 252.0 140.0
227.47323608398438 223.32472229003906 252.0 140.0
227.42330932617188 223.246826171875 252.0 140.0
227.31472778320312 223.11480712890625 252.0 140.0
227.225341796875 222.94522094726562 252.0 140.0
227.1697235107422 223.01821899414062 252.0 140.0
227.41012573242188 223.0791473388672 252.0 140.0
227.3872528076172 223.30909729003906 252.0 140.0
227.37228393554688 223.1359100341797 252.0 140.0
227.43150329589844 223.29443359375 252.0 140.0
227.44065856933594 223.3719024658203 252.0 140.0
227.4420166015625 223.22048950195312 252.0 140.0
227.4474334716797 223.27737426757812 252.0 140.0
227.38259887695312 223.37969970703125 252.0 140.0
227.40481567382812 223.2943572998047 252.0 140.0
227.23887634277344 223.28465270996094 252.0 140.0
227.31834411621094 223.3193359375 252.0 140.0
227.2476348876953 223.24818420410156 252.0 140.0
227.40875244140625 223.241943359375 252.0 140.0
227.37046813964844 223.2636260986328 252.0 140.0
227.42221069335938 223.18084716796875 252.0 140.0
227.58396911621094 223.3475799560547 252.0 140.0
227.49539184570312 223.37034606933594 252.0 140.0
227.3501434326172 223.43739318847656 252.0 140.0
227.27972412109375 223.22998046875 252.0 140.0
227.18067932128906 223.09747314453125 252.0 140.0
227.1617431640625 223.09619140625 252.0 140.0
227.30763244628906 223.06845092773438 252.0 140.0
227.16651916503906 222.99853515625 252.0 140.0
226.70652770996094 222.75393676757812 252.0 140.0
227.2931671142578 223.24522399902344 252.0 140.0
227.53321838378906 223.5171661376953 252.0 140.0
227.06179809570312 223.71615600585938 252.0 140.0
226.96128845214844 223.42356872558594 252.0 140.0
226.8863067626953 223.2474822998047 252.0 140.0
226.36534118652344 223.03878784179688 252.0 140.0
226.88087463378906 222.69175720214844 252.0 140.0
226.90371704101562 222.89500427246094 252.0 140.0
227.99342346191406 223.33587646484375 252.0 140.0
228.3024139404297 223.2841339111328 252.0 140.0
227.54940795898438 223.45062255859375 252.0 140.0
227.27186584472656 222.99034118652344 252.0 140.0
226.761962890625 222.2695770263672 252.0 140.0
227.0405731201172 222.8336181640625 252.0 140.0
228.09385681152344 223.69744873046875 252.0 140.0
228.39138793945312 224.4390106201172 252.0 140.0
229.27145385742188 224.65499877929688 252.0 140.0
230.07518005371094 225.34719848632812 252.0 140.0
229.9235076904297 224.7901153564453 252.0 140.0
230.4987030029297 224.83480834960938 252.0 140.0
230.0466766357422 224.78318786621094 252.0 140.0
228.9939422607422 223.42047119140625 252.0 140.0
229.48619079589844 223.79046630859375 252.0 140.0
229.4854736328125 224.1718292236328 252.0 140.0
230.26409912109375 224.95745849609375 252.0 140.0
230.38426208496094 224.89601135253906 252.0 140.0
230.38082885742188 224.98098754882812 252.0 140.0
229.8404998779297 224.76589965820312 252.0 140.0
229.91624450683594 224.4266357421875 252.0 140.0
229.6365203857422 224.62911987304688 252.0 140.0
229.06593322753906 224.90719604492188 252.0 140.0
228.54722595214844 224.8122100830078 252.0 140.0
228.83758544921875 225.0741729736328 252.0 140.0
229.3101043701172 226.0631103515625 252.0 140.0
228.3675079345703 225.492431640625 252.0 140.0
228.17799377441406 225.0470733642578 252.0 140.0
228.5979766845703 225.7747039794922 252.0 140.0
228.3540802001953 225.79080200195312 252.0 140.0
229.1156463623047 225.52987670898438 252.0 140.0
229.9308319091797 226.59857177734375 252.0 140.0
229.85411071777344 225.95413208007812 252.0 140.0
230.2582550048828 226.59889221191406 252.0 140.0
230.2117919921875 226.39503479003906 252.0 140.0
230.2584686279297 226.5620880126953 252.0 140.0
230.335205078125 227.2445068359375 252.0 140.0
230.59371948242188 227.01657104492188 252.0 140.0
230.3749542236328 226.840087890625 252.0 140.0
231.1737518310547 227.5581817626953 252.0 140.0
230.84970092773438 227.40109252929688 252.0 140.0
230.40455627441406 226.96629333496094 252.0 140.0
230.67547607421875 227.07571411132812 252.0 140.0
230.6271514892578 226.99880981445312 252.0 140.0
230.73931884765625 227.05921936035156 252.0 140.0
230.46803283691406 226.85362243652344 252.0 140.0
231.14418029785156 227.3106689453125 252.0 140.0
230.95555114746094 227.06228637695312 252.0 140.0
231.78079223632812 227.927490234375 252.0 140.0
231.27146911621094 227.53543090820312 252.0 140.0
230.98214721679688 227.6295928955078 252.0 140.0
230.58876037597656 226.86965942382812 252.0 140.0
230.38381958007812 227.4075469970703 252.0 140.0
229.97222900390625 227.1313018798828 252.0 140.0
229.47689819335938 226.58413696289062 252.0 140.0
230.32192993164062 226.74180603027344 252.0 140.0
230.37310791015625 227.009033203125 252.0 140.0
230.33041381835938 227.09228515625 252.0 140.0
230.06028747558594 226.6705322265625 252.0 140.0
230.93345642089844 227.2999267578125 252.0 140.0
230.3786163330078 227.19895935058594 252.0 140.0
231.4891815185547 227.71568298339844 252.0 140.0
231.69126892089844 228.15350341796875 252.0 140.0
232.1797332763672 228.357666015625 252.0 140.0
232.09698486328125 228.07464599609375 252.0 140.0
232.38487243652344 228.33522033691406 252.0 140.0
232.14825439453125 228.3229522705078 252.0 140.0
231.99851989746094 228.62844848632812 252.0 140.0
231.60781860351562 227.5977020263672 252.0 140.0
231.93429565429688 228.2480010986328 252.0 140.0
232.33729553222656 228.58863830566406 252.0 140.0
231.88026428222656 227.9546661376953 252.0 140.0
231.91818237304688 227.913330078125 252.0 140.0
232.01608276367188 227.7220916748047 252.0 140.0
231.98757934570312 227.86648559570312 252.0 140.0
231.4563751220703 227.1956024169922 252.0 140.0
231.83863830566406 227.72779846191406 252.0 140.0
231.8918914794922 227.34559631347656 252.0 140.0
231.7005615234375 227.42909240722656 252.0 140.0
231.23617553710938 227.3333282470703 252.0 140.0
231.2947998046875 227.20668029785156 252.0 140.0
231.73500061035156 227.60789489746094 252.0 140.0
237.34963989257812 232.07762145996094 252.0 140.0
237.1122283935547 232.17489624023438 252.0 140.0
237.0514678955078 232.0652618408203 252.0 140.0
237.88345336914062 232.7588653564453 252.0 140.0
237.67091369628906 232.4551239013672 252.0 140.0
237.97991943359375 232.72991943359375 252.0 140.0
237.5336151123047 232.0128173828125 252.0 140.0
237.7037353515625 232.32015991210938 252.0 140.0
237.67596435546875 232.34579467773438 252.0 140.0
237.13055419921875 231.9729461669922 252.0 140.0
236.88372802734375 231.56289672851562 252.0 140.0
237.28875732421875 231.98483276367188 252.0 140.0
236.5305938720703 231.5503692626953 252.0 140.0
236.45596313476562 230.9901885986328 252.0 140.0
236.86888122558594 231.5338592529297 252.0 140.0
237.10389709472656 231.806640625 252.0 140.0
236.8492431640625 231.3816375732422 252.0 140.0
236.8495330810547 231.55470275878906 252.0 140.0
236.92454528808594 231.62774658203125 252.0 140.0
236.7817840576172 231.7268524169922 252.0 140.0
237.12078857421875 231.76583862304688 252.0 140.0
237.11154174804688 231.9219207763672 252.0 140.0
237.21670532226562 231.90316772460938 252.0 140.0
237.41098022460938 232.03271484375 252.0 140.0
237.1619110107422 231.7124786376953 252.0 140.0
237.4501953125 232.2187042236328 252.0 140.0
237.28916931152344 231.93939208984375 252.0 140.0
237.60494995117188 232.25718688964844 252.0 140.0
237.2365264892578 231.82455444335938 252.0 140.0
238.5631103515625 232.6176300048828 252.0 140.0
238.29673767089844 232.19366455078125 252.0 140.0
237.95138549804688 231.8429718017578 252.0 140.0
237.63890075683594 232.06480407714844 252.0 140.0
237.40594482421875 231.837646484375 252.0 140.0
237.60702514648438 231.95932006835938 252.0 140.0
237.78475952148438 232.10919189453125 252.0 140.0
237.59486389160156 232.10699462890625 252.0 140.0
237.54367065429688 231.9308319091797 252.0 140.0
237.9020538330078 232.27857971191406 252.0 140.0
237.90411376953125 232.23782348632812 252.0 140.0
237.9576873779297 232.3092041015625 252.0 140.0
237.76951599121094 232.1215362548828 252.0 140.0
237.92530822753906 232.1527862548828 252.0 140.0
237.89268493652344 232.4640350341797 252.0 140.0
237.74542236328125 232.1890106201172 252.0 140.0
237.62442016601562 232.18312072753906 252.0 140.0
237.7139129638672 232.3513641357422 252.0 140.0
237.85472106933594 232.2953643798828 252.0 140.0
237.49484252929688 232.09963989257812 252.0 140.0
237.71258544921875 231.9261016845703 252.0 140.0
237.98492431640625 232.3078155517578 252.0 140.0
237.4759521484375 231.54266357421875 252.0 140.0
237.61392211914062 231.9534454345703 252.0 140.0
238.2884521484375 232.75306701660156 252.0 140.0
237.5987548828125 232.4781036376953 252.0 140.0
237.80880737304688 232.37794494628906 252.0 140.0
237.55401611328125 232.17477416992188 252.0 140.0
238.1634979248047 232.67254638671875 252.0 140.0
238.91139221191406 233.30577087402344 252.0 140.0
238.56686401367188 233.09854125976562 252.0 140.0
232.6528778076172 229.67291259765625 252.0 140.0
232.48104858398438 229.617431640625 252.0 140.0
232.4196319580078 229.61764526367188 252.0 140.0
232.50222778320312 229.22946166992188 252.0 140.0
232.45458984375 228.98623657226562 252.0 140.0
232.43385314941406 228.8831329345703 252.0 140.0
232.51953125 228.9697723388672 252.0 140.0
232.4513702392578 229.19436645507812 252.0 140.0
232.70652770996094 228.64959716796875 252.0 140.0
232.98104858398438 228.8534393310547 252.0 140.0
232.1944580078125 228.6297607421875 252.0 140.0
232.3577423095703 228.4165802001953 252.0 140.0
232.6470489501953 228.86181640625 252.0 140.0
232.13662719726562 228.27552795410156 252.0 140.0
232.17942810058594 228.6807403564453 252.0 140.0
232.2047882080078 228.49256896972656 252.0 140.0
232.296630859375 228.5158233642578 252.0 140.0
232.39369201660156 228.61898803710938 252.0 140.0
232.08612060546875 228.35731506347656 252.0 140.0
232.4363555908203 228.62269592285156 252.0 140.0
232.32395935058594 228.5774383544922 252.0 140.0
232.21212768554688 229.00282287597656 252.0 140.0
232.12747192382812 228.53147888183594 252.0 140.0
232.30133056640625 229.16282653808594 252.0 140.0
232.01934814453125 228.44366455078125 252.0 140.0
231.7195281982422 228.02804565429688 252.0 140.0
231.80899047851562 227.98171997070312 252.0 140.0
232.12960815429688 228.47610473632812 252.0 140.0
232.22177124023438 228.42776489257812 252.0 140.0
232.2077178955078 228.45787048339844 252.0 140.0
232.90682983398438 228.39683532714844 252.0 140.0
232.66412353515625 228.39488220214844 252.0 140.0
232.4873809814453 228.3251495361328 252.0 140.0
232.6602325439453 228.29212951660156 252.0 140.0
232.8920440673828 228.850830078125 252.0 140.0
232.88157653808594 228.44854736328125 252.0 140.0
232.81854248046875 228.59230041503906 252.0 140.0
232.847900390625 228.40415954589844 252.0 140.0
232.93841552734375 228.34384155273438 252.0 140.0
232.79861450195312 228.2069854736328 252.0 140.0
232.69229125976562 228.18817138671875 252.0 140.0
232.6794891357422 228.19854736328125 252.0 140.0
232.56521606445312 228.2606658935547 252.0 140.0
232.75083923339844 228.32550048828125 252.0 140.0
232.7938690185547 228.32247924804688 252.0 140.0
233.02316284179688 228.51101684570312 252.0 140.0
233.0764923095703 228.53152465820312 252.0 140.0
232.847900390625 228.41246032714844 252.0 140.0
232.8582000732422 228.41319274902344 252.0 140.0
232.811767578125 228.306884765625 252.0 140.0
232.92623901367188 228.32276916503906 252.0 140.0
233.003173828125 228.44178771972656 252.0 140.0
233.06472778320312 228.52064514160156 252.0 140.0
233.03231811523438 228.41616821289062 252.0 140.0
232.91403198242188 228.44297790527344 252.0 140.0
232.99734497070312 228.425048828125 252.0 140.0
233.06167602539062 228.44735717773438 252.0 140.0
232.9915771484375 228.4221954345703 252.0 140.0
233.00662231445312 228.46786499023438 252.0 140.0
232.9700469970703 228.40914916992188 252.0 140.0
232.86892700195312 228.267822265625 252.0 140.0
232.87457275390625 228.3909149169922 252.0 140.0
232.9391326904297 228.45433044433594 252.0 140.0
233.12615966796875 228.38143920898438 252.0 140.0
232.86497497558594 228.0965576171875 252.0 140.0
233.12347412109375 228.41917419433594 252.0 140.0
233.0858612060547 228.62022399902344 252.0 140.0
233.51797485351562 228.63751220703125 252.0 140.0
233.678955078125 229.0175018310547 252.0 140.0
233.5345916748047 228.9636688232422 252.0 140.0
233.42018127441406 228.79566955566406 252.0 140.0
233.38790893554688 228.79885864257812 252.0 140.0
233.8109130859375 229.1619873046875 252.0 140.0
233.5245361328125 229.0077667236328 252.0 140.0
233.56175231933594 228.92144775390625 252.0 140.0
233.77703857421875 229.38356018066406 252.0 140.0
233.74896240234375 228.96507263183594 252.0 140.0
233.65399169921875 229.0030059814453 252.0 140.0
233.28955078125 228.87657165527344 252.0 140.0
233.65306091308594 229.1885528564453 252.0 140.0
233.1503448486328 229.02687072753906 252.0 140.0
233.7978973388672 229.61166381835938 252.0 140.0
233.73780822753906 229.78599548339844 252.0 140.0
234.07179260253906 229.8368377685547 252.0 140.0
234.47848510742188 230.1078643798828 252.0 140.0
234.6087646484375 230.1534881591797 252.0 140.0
234.3722686767578 230.19833374023438 252.0 140.0
234.19883728027344 229.8765869140625 252.0 140.0
234.43406677246094 230.10728454589844 252.0 140.0
234.52780151367188 230.1409454345703 252.0 140.0
234.32269287109375 229.89146423339844 252.0 140.0
234.2598876953125 229.73731994628906 252.0 140.0
234.4303436279297 230.12692260742188 252.0 140.0
234.05841064453125 229.76109313964844 252.0 140.0
233.99217224121094 229.91236877441406 252.0 140.0
234.22369384765625 229.78392028808594 252.0 140.0
233.9391632080078 229.6002655029297 252.0 140.0
234.55859375 229.93348693847656 252.0 140.0
233.057373046875 229.05674743652344 252.0 140.0
233.4365692138672 229.25436401367188 252.0 140.0
232.95791625976562 229.11468505859375 252.0 140.0
233.2970733642578 229.2058563232422 252.0 140.0
233.4739532470703 229.67822265625 252.0 140.0
232.716064453125 229.07974243164062 252.0 140.0
232.90733337402344 229.18284606933594 252.0 140.0
233.40159606933594 229.44284057617188 252.0 140.0
232.94821166992188 229.2898712158203 252.0 140.0
233.45840454101562 229.29812622070312 252.0 140.0
233.3095245361328 229.36788940429688 252.0 140.0
233.51475524902344 229.4481964111328 252.0 140.0
234.5997772216797 229.7288055419922 252.0 140.0
234.1604461669922 229.4957275390625 252.0 140.0
234.19227600097656 229.49851989746094 252.0 140.0
234.01376342773438 229.89378356933594 252.0 140.0
234.15097045898438 229.83555603027344 252.0 140.0
234.16348266601562 230.19261169433594 252.0 140.0
234.27877807617188 230.62863159179688 252.0 140.0
233.9025115966797 230.3427276611328 252.0 140.0
234.36468505859375 230.5215301513672 252.0 140.0
234.2763214111328 230.59706115722656 252.0 140.0
