-0.3476705705508737 -0.0027497011271195903 -0.9376126746090314 0.997532862357216 -0.08435136000622212 0.9960325218039677 0.028356797265987308 -0.028377115022111075 0.9338147189846345 0.08894773761912524 -0.34652307526926024 1.145871631117835 0.0 0.0 0.0 1.0
-0.3493706520285185 -0.002418152788983681 -0.9369814872472112 1.0430260973595336 -0.08382399369148749 0.9960676215372923 0.028684660182446604 -0.02225601884505704 0.9332276081858087 0.08856311155300119 -0.34819945498675586 1.1473877832907007 0.0 0.0 0.0 1.0
-0.34776655767936765 -0.0018635623291592275 -0.9375792415138927 0.9962643517706631 -0.08389190025813377 0.9960488018796239 0.02913737706331498 -0.027225690204830413 0.9338204366392723 0.0887883184168303 -0.3465488675371886 1.149969543504813 0.0 0.0 0.0 1.0
-0.3491820366621951 -0.0016602766282731711 -0.937053387756719 1.0125803137077065 -0.08466289009361883 0.9959644143061943 0.029783991299403532 -0.02309238093623722 0.933222333180094 0.08973368447912364 -0.34791335918700234 1.1310485361260254 0.0 0.0 0.0 1.0
-0.3520180947311336 -0.0028784529139580742 -0.9359888496542773 1.0705719532774733 -0.08509828598618915 0.9959521318136495 0.02894193217089291 -0.018577207651518563 0.9321168092904479 0.08983913080646182 -0.35083808533133215 1.1525501087412962 0.0 0.0 0.0 1.0
-0.3462819672272374 -0.001925345111007883 -0.9381285249156535 0.9915220778946349 -0.08332472976480111 0.9961087304698366 0.028712486842415133 -0.02841798821006717 0.9344226618458922 0.0881119100141247 -0.34509495113861455 1.1212595317784075 0.0 0.0 0.0 1.0
-0.3518857242253588 -0.0015072224710326301 -0.9360417537748611 1.034472500824299 -0.08467521477567455 0.9959499760281681 0.03022822755966723 -0.02533443250960936 0.9322052287490828 0.08989641821042431 -0.3505881579602492 1.1434263473155017 0.0 0.0 0.0 1.0
-0.352393825715982 -0.0017789927159996043 -0.9358500149478214 1.0507599170234605 -0.08564587023638849 0.995863052457433 0.030356841438733805 -0.01639017177136945 0.931924468031943 0.09084925934059085 -0.3510884723080805 1.1189988069313601 0.0 0.0 0.0 1.0
-0.35280086281813694 -0.0011962014031684995 -0.9356976615557623 1.04135211074848 -0.08578540345118559 0.9958290152084537 0.031071942989365907 -0.022305353774536286 0.9317576627174852 0.09123141024224722 -0.3514319126093556 1.1305355521372844 0.0 0.0 0.0 1.0
-0.35197833883768187 -0.0009829435871971306 -0.9360077138986871 1.057908510027644 -0.08600156325373752 0.9958033601114361 0.031294470608322446 -0.022196296769601914 0.9320488917841186 0.09151309821243721 -0.3505857785982519 1.1308851448096127 0.0 0.0 0.0 1.0
-0.35080537842112147 2.2055218967365186e-05 -0.9364483301045948 1.067528190515291 -0.08560584402405241 0.9958121153311603 0.032092489579886405 -0.02794828479183764 0.9325273083572513 0.09142366854611748 -0.3493344791156643 1.1402807943871875 0.0 0.0 0.0 1.0
-0.35246494506074266 -0.0009011659034269698 -0.9358245452139567 1.0518713992986317 -0.0853551207035751 0.9958623356228898 0.03118880913704096 -0.023332916994047093 0.9319242781713143 0.09087038057642977 -0.35108340599564364 1.1441363017644193 0.0 0.0 0.0 1.0
-0.3523592688336629 -0.0012052278882798864 -0.9358640749196829 1.0479207037449043 -0.08496981823549911 0.9959101836758463 0.030709159307293437 -0.024258640924925873 0.9319995395125725 0.09034084964969097 -0.35102051119091643 1.1423296518130097 0.0 0.0 0.0 1.0
-0.3538467126816363 -0.00015390939379956767 -0.9353032943898477 1.0480257112069895 -0.08514299890984435 0.9958532335247541 0.032047683997043185 -0.021120547883532282 0.9314198963662187 0.09097450801845797 -0.3523924983048869 1.146634883002941 0.0 0.0 0.0 1.0
-0.3540363054185795 -0.0008884636712794301 -0.9352312369221697 1.0540182117347268 -0.08480160591140004 0.9959106268706602 0.03115595163062345 -0.029094852184892522 0.9313790610925924 0.09033944913110556 -0.3526638812040291 1.1628889388442645 0.0 0.0 0.0 1.0
-0.3535732231078553 -0.0024937406336869783 -0.9354035940814891 1.0531421505370033 -0.08598282301128109 0.9958494685745413 0.02984575848331502 -0.025756103469823675 0.9314467697858435 0.09098129631194299 -0.352320163538212 1.142013491212976 0.0 0.0 0.0 1.0
-0.3544723972563617 -0.0025417506584181383 -0.935063043165449 1.0587128490245767 -0.08473089934088644 0.9959696383594142 0.029413258959988923 -0.022173248379553312 0.9312196767943932 0.08965492003113788 -0.3532591410642298 1.1273620844561894 0.0 0.0 0.0 1.0
-0.3543260788469991 -0.002192186877441516 -0.9351193628781184 1.0605149471387234 -0.08509884896221478 0.9959234953217575 0.02991006839309177 -0.025381619281273655 0.931241735598904 0.09017550496167488 -0.3530681250191713 1.116306950378727 0.0 0.0 0.0 1.0
-0.3532852606921437 -0.0020160603524865613 -0.9355133724391576 1.0706204068579366 -0.08441117497815186 0.995987394171722 0.02973047941980934 -0.027147820491567817 0.9316995694842105 0.08947113634851454 -0.3520378192312257 1.1233707712748195 0.0 0.0 0.0 1.0
-0.356120353500951 -0.0026839052049807705 -0.9344362700223926 1.0525659849669762 -0.08418679578991577 0.9960213566234283 0.029223395898882662 -0.02306767585332887 0.9306400186109377 0.08907423772896633 -0.3549292938910104 1.1210130339458924 0.0 0.0 0.0 1.0
-0.35153751829301294 -0.002156743897628983 -0.9361713612201334 1.0428542545996278 -0.08429459620309777 0.9960082899035742 0.029358499778866048 -0.027130528670969895 0.9323710760455687 0.08923478900937087 -0.350316183117344 1.1093262048487325 0.0 0.0 0.0 1.0
-0.3548876139219144 -0.001995271489389932 -0.9349068441237606 1.062927954140561 -0.08449874596817072 0.995973406662087 0.029949846852599698 -0.030559798029084654 0.9310825878836888 0.08962728583124885 -0.35362721314043855 1.1219156749470414 0.0 0.0 0.0 1.0
-0.3556865560004231 -0.001718163362614379 -0.9346037165070161 1.033456533384447 -0.08423335494845177 0.9959874919339654 0.030226079989031762 -0.026728299562480892 0.9308016811308166 0.08947581121087281 -0.3544042069326362 1.1134190268026631 0.0 0.0 0.0 1.0
-0.35123758885465556 -0.0009095049278925464 -0.9362859970891988 0.9994074263836044 -0.08460226868642223 0.9959395532863577 0.030770174250162992 -0.027745575975656852 0.932456320672557 0.0900195546044072 -0.34988823029614363 1.1207883526306417 0.0 0.0 0.0 1.0
-0.353947966214423 -0.0015660633108653904 -0.9352638305807838 1.0149422321396837 -0.08490710495515 0.9959229898347418 0.030465212076907562 -0.027645823007794775 0.9314030701486138 0.09019364490285865 -0.3526378169862559 1.1357606382666332 0.0 0.0 0.0 1.0
-0.35302284462056915 -0.0018493780116744549 -0.9356129033394955 1.053556638313999 -0.08577203785393624 0.99585105968014 0.030394816995412535 -0.019059603971383204 0.9316749367006777 0.09097948807010706 -0.3517168030951268 1.1243165046461352 0.0 0.0 0.0 1.0
-0.3522830063404868 -0.0010864709621457198 -0.9358929036487679 1.0283869461632344 -0.08428015169960197 0.9959731271404614 0.030568002623507663 -0.016624574833473713 0.9320909640254862 0.0896457861161712 -0.35095597572690657 1.1078932728485165 0.0 0.0 0.0 1.0
-0.3536843692663841 -0.001569675064168347 -0.9353634754009388 1.0534824097877458 -0.08547188447382748 0.9958691010533015 0.030647856018332587 -0.024359695973420952 0.9314515076935349 0.09078695514320555 -0.35235754441205946 1.1358973945896682 0.0 0.0 0.0 1.0
-0.3525531188897989 -0.0012905373096762454 -0.935790925732239 1.0306156600567988 -0.08600741148991026 0.9958111889206585 0.031029428256658016 -0.017457181983033098 0.9318309455927101 0.09142447376151851 -0.3511873252454754 1.1041549244660984 0.0 0.0 0.0 1.0
-0.3515462212577537 -0.013015171019149237 -0.9360799765078486 1.1128695152755013 -0.08410162939304057 0.996299409464886 0.01773203406174106 -0.028097127172989 0.9323851179862556 0.08495949239661686 -0.35133990148212446 1.1909361142519073 0.0 0.0 0.0 1.0
-0.35292775351528766 -0.0171637191621383 -0.9354929771912384 1.0186801751870176 -0.09084821249351102 0.995736147549269 0.016004749212857678 -0.006792842906058618 0.9312295222450723 0.09063639210140752 -0.3529823071789434 1.019173597275952 0.0 0.0 0.0 1.0
-0.3316009563894958 -0.018470525375198985 -0.9432389881237638 0.9292340449834026 -0.106116215212102 0.9941937298830519 0.01783742276129145 -0.02478471190329755 0.9374327460735051 0.10600784845230671 -0.33163558297242246 0.9521162565983654 0.0 0.0 0.0 1.0
-0.34786322467095965 -0.008441934843936905 -0.9375072654541734 0.8261936977819939 -0.08655230899125843 0.9959783909579538 0.02314690113131866 -0.030358879082847647 0.9335415829645077 0.08919536769949121 -0.34719501650740875 0.9707353355659327 0.0 0.0 0.0 1.0
-0.31618823469086055 -0.021498584750479593 -0.9484527194009935 0.6378549063616583 -0.08900817260358833 0.9960056365301203 0.00709643227487006 -0.031824472486047306 0.9445117413789555 0.0866638532390861 -0.31683885408123585 0.8432491573530471 0.0 0.0 0.0 1.0
-0.226249182568171 -0.009685491659736601 -0.9740213416630249 0.5299544656340396 -0.08925090334774682 0.995950291165565 0.010827967954578107 -0.024588840369524446 0.9699719973752727 0.08938209218937579 -0.22619744152674318 0.7823938044596878 0.0 0.0 0.0 1.0
-0.15786472037424834 -0.009429516795106285 -0.9874156455461646 0.33654777347977805 -0.07934086400809871 0.9968425351902035 0.003165216401431 -0.03435316478919706 0.9842680627215044 0.07884209175997471 -0.15811447848242569 0.6837145256135096 0.0 0.0 0.0 1.0
-0.1901241784720013 0.004205739535878934 -0.9817509448052122 0.35002812632846003 -0.07571164721872252 0.9969500122630744 0.01893303874623938 -0.03937077090582718 0.9788362284675205 0.07792962315626845 -0.18922581226107182 0.7578447187056249 0.0 0.0 0.0 1.0
-0.1892243128576817 0.004640656406970959 -0.9819229914733255 0.11583501402155372 -0.07729259917355234 0.9968156400270194 0.01960593307657251 -0.016868468916543693 0.9788871330144783 0.0796052913340078 -0.18826301185905403 0.669884332174699 0.0 0.0 0.0 1.0
-0.19142787725347732 -0.005003267687823489 -0.9814939204621291 0.09097181378104571 -0.0654476109864258 0.9978264745390475 0.007678198550340143 -0.035564504398183705 0.9793222218697749 0.06570625047841695 -0.191339203301303 0.6138749504600172 0.0 0.0 0.0 1.0
-0.19186600145392607 -0.0017449280037246894 -0.9814195535517388 0.04489205223146076 -0.06613239267471775 0.9977485135226595 0.011154817709255848 -0.03719377686381928 0.9791904541173638 0.06704385173614798 -0.19154932343019695 0.6032500611484073 0.0 0.0 0.0 1.0
-0.19049625985630048 -0.003927995800378068 -0.9816800409402563 -0.010287684819273123 -0.07510650683807137 0.9971193098615587 0.010584737279118624 -0.0448228896171586 0.978810598172175 0.07574692074802747 -0.1902424628860377 0.5750884181087526 0.0 0.0 0.0 1.0
-0.19026521279340072 -0.0037321195701436553 -0.9817257006842858 -0.006878492634816063 -0.07060638089234415 0.9974552305180606 0.009892082488723449 -0.041685999125732814 0.9791904473487966 0.07119820951664478 -0.19004452049586926 0.5983048724039624 0.0 0.0 0.0 1.0
-0.20163922656886257 -0.008055792800944608 -0.9794266765987159 0.027638269771338864 -0.07032160575365251 0.9975046424190067 0.006272960936376892 -0.05274452953684472 0.9769320923354256 0.07013974192812901 -0.20170247749533002 0.6270918086316213 0.0 0.0 0.0 1.0
-0.19909030628265814 -0.007274217515331644 -0.9799541052514641 0.01642935823425371 -0.0703128623974978 0.9975012627158761 0.00688049683510893 -0.05028315678307527 0.9774554463598392 0.07027321661992528 -0.19910435029917542 0.6101098793646889 0.0 0.0 0.0 1.0
-0.1948753760917071 -0.007721384436027464 -0.980797591465692 0.025953562814635338 -0.06975316343329661 0.9975462057338581 0.00600607265676508 -0.04611280075971508 0.9783445095878102 0.06958417430376579 -0.19493574851212217 0.6131942898230973 0.0 0.0 0.0 1.0
-0.16059800074236846 -0.008076449684545012 -0.9869869083604701 -0.006206975982085756 -0.06990495029457361 0.9975485120962758 0.003211737757971268 -0.054434167541195747 0.9845413252757796 0.06951106454289199 -0.16076880583609465 0.54668933875127 0.0 0.0 0.0 1.0
-0.1368988672276649 -0.005351090522561054 -0.9905704864529735 0.02696855809411026 -0.06611787363906912 0.9978048033288378 0.0037474586542229865 -0.05132222186775611 0.9883759870695512 0.06600744438641994 -0.1369521401827225 0.6141812743323684 0.0 0.0 0.0 1.0
-0.07130093920109919 -0.00393730995712561 -0.9974471392340841 0.09018312733110884 -0.06456281726326918 0.9979134114164103 0.0006760241815987299 -0.05961905265197425 0.9953631391954104 0.06444619545744605 -0.07140641490605017 0.58926709722178 0.0 0.0 0.0 1.0
-0.01391565576217762 -0.0025660546678883634 -0.9998998956361682 0.0948671661798529 -0.06930684989523407 0.9975941082016497 -0.0015955904019953541 -0.05490676794596491 0.9974983828032651 0.06927771117285102 -0.014060024655742345 0.5816527076518399 0.0 0.0 0.0 1.0
0.07727738310897835 0.00024956477094484217 -0.997009567926224 0.0996681567766021 -0.0656524540132608 0.9978308259799025 -0.004838893611156691 -0.0464739440639251 0.9948456472926185 0.06583007477476163 0.07712611175890563 0.49630297338265167 0.0 0.0 0.0 1.0
0.15201029226754362 0.0006731865013490866 -0.9883786638775205 0.08846184958755847 -0.052473776013249394 0.9985949739750123 -0.0073901949666819 -0.044939839180057124 0.9869849603031601 0.052987346608628264 0.1518319974554374 0.4384256283012322 0.0 0.0 0.0 1.0
0.20807755856527374 0.0045550796398361945 -0.9781017774544397 0.06306725977787311 -0.05208742774462868 0.9986218314581096 -0.006430237574360281 -0.031127737653848804 0.9767245532566465 0.05228479112346614 0.20802808059796235 0.3703350015534157 0.0 0.0 0.0 1.0
0.2680914852503802 0.010596753124328168 -0.9633352279020212 0.02884916512333268 -0.05623732319584528 0.9984065044438799 -0.004668032663889253 -0.02233563976350965 0.9617507688102624 0.055426855030548935 0.2682601523052589 0.3217317472793056 0.0 0.0 0.0 1.0
0.3490725792185696 0.01483212587616668 -0.9369783514272546 0.04883100020570171 -0.05254170513236928 0.9986116245619372 -0.0037667217157238784 -0.034037669608563165 0.9356216438359388 0.05054529836947641 0.3493672180021945 0.30153699693577773 0.0 0.0 0.0 1.0
0.40212857632509236 0.017502875772872375 -0.9154159029159139 0.09800905475314937 -0.053360881340773506 0.998565802674858 -0.004347931542740589 -0.03826997574172095 0.9140269987817049 0.050595820914654435 0.402485859792775 0.26202633330430597 0.0 0.0 0.0 1.0
0.3976326542319723 0.016435964981666936 -0.917397539116 0.10751667484108453 -0.05011873720322097 0.9987359406985317 -0.003830025652509955 -0.040164409884407413 0.9161748669558409 0.047501743626537626 0.3979537271546704 0.27009511907203426 0.0 0.0 0.0 1.0
0.4012080108379055 0.017507460805812416 -0.915819689162459 0.10343158743457262 -0.049634972206888554 0.9987638929292445 -0.002651322481366786 -0.04281215182921348 0.9146411587031851 0.04652041682417216 0.4015811078547385 0.2747968560675662 0.0 0.0 0.0 1.0
0.40473212179445506 0.017241934341629742 -0.9142727146327362 0.10000521583044449 -0.05019297763831855 0.9987337864587585 -0.0033847801361133463 -0.03400898266299958 0.9130566890933521 0.047259996303568676 0.40508510899398176 0.26386320976166733 0.0 0.0 0.0 1.0
0.43247994156722114 0.017929779260375003 -0.9014652150260274 0.08366065359163652 -0.051084325911418746 0.998683515922806 -0.004644408436770775 -0.030164067546360092 0.9001951858230072 0.04805935989372597 0.43282652026138724 0.26396308281777997 0.0 0.0 0.0 1.0
0.48233114352725776 0.02028038833014351 -0.8757541967731131 0.07408684967788436 -0.052373807798806224 0.9986111850303059 -0.0057199843718423755 -0.03630027453612354 0.8744219230811984 0.048625507504416327 0.4827233945197564 0.2385920409883516 0.0 0.0 0.0 1.0
0.5344478300596591 0.018114106296091222 -0.8450071005426272 0.004377771646077555 -0.06155085615247558 0.9979496127054689 -0.0175368045422788 0.18496729181572363 0.842957522669816 0.06138346481948487 0.5344667514371482 0.47488191392485035 0.0 0.0 0.0 1.0
0.5644133148944109 0.01756207483515061 -0.8253053029046077 -0.035868607398733765 -0.06095752380833056 0.9979305541868624 -0.02045239608389121 0.19647935780024206 0.8232388040518684 0.061852222481692046 0.5643156898976708 0.5387630664353216 0.0 0.0 0.0 1.0
0.6059706617351581 0.020063503376792143 -0.7952337499668828 -0.01873136333028702 -0.05680561181459524 0.9982208678850288 -0.018101214582539504 0.2046712361400022 0.7934564194088832 0.05614258273982458 0.6060321993830126 0.5235021757631388 0.0 0.0 0.0 1.0
0.6511385948579527 0.01959171171486729 -0.7587056718895405 -0.020853989523380356 -0.04978129383255431 0.9986162502180254 -0.01693657588697211 0.20138419715845646 0.7573247608803453 0.04879745348721668 0.651212779410926 0.43674805914991843 0.0 0.0 0.0 1.0
0.7091178255669333 0.01588221985796409 -0.7049108801450351 0.04215454961159759 -0.044441862680127946 0.9987649239581029 -0.022204047344385695 0.20107210036220663 0.7036883531030229 0.04707287948323735 0.7089477873009781 0.4178235101224219 0.0 0.0 0.0 1.0
0.7614126387076108 0.010497829452132394 -0.6481823515998736 -0.11109172020329927 -0.035503388829082376 0.9990432410473171 -0.025525083039888163 0.2050095781101276 0.6472949344570701 0.0424478174191358 0.7610569199090403 0.48385049104590294 0.0 0.0 0.0 1.0
0.79273548488883 0.007881688230109608 -0.6095145674097446 -0.14073030094734174 -0.030890234623484024 0.9991508473078965 -0.02725571279125467 0.20375202237379553 0.6087829348175435 0.04043465086978572 0.7923058157142392 0.45404882204929464 0.0 0.0 0.0 1.0
0.8309927098758298 0.012323003420113884 -0.5561465070729371 -0.17486534015427546 -0.03260504434582847 0.9991145207462087 -0.026580095355905227 0.2030967409062185 0.5553272153073658 0.04022107600705007 0.8306588077903065 0.5344727762224171 0.0 0.0 0.0 1.0
0.8612097647110157 0.021159731447235784 -0.5078087957413877 -0.21062052573227952 -0.03875136953812859 0.9989580535413636 -0.024094383110495218 0.20893914561428356 0.5067704840297612 0.040428631410302715 0.8611325690537941 0.49361228494340104 0.0 0.0 0.0 1.0
0.9014234176188319 0.018799404426268772 -0.4325298505845475 -0.2503279951624586 -0.0344251872764211 0.9990055552818429 -0.028323884075219925 0.2354730824656222 0.4315679608856615 0.040421765426237016 0.9011744350837142 0.4038466168279031 0.0 0.0 0.0 1.0
0.9324566309362394 0.014657853818000062 -0.360983910041796 -0.26632068812116794 -0.025476049524184474 0.9993568090423182 -0.02522784882251654 0.2215004815329712 0.3603826051674569 0.03272035100957015 0.9322305510924117 0.3570980014044167 0.0 0.0 0.0 1.0
0.9555034960662011 0.008918585911776996 -0.2948443218799253 -0.26641827854469424 -0.01792130687798808 0.9994513079657238 -0.027845684742457685 0.2513977073214565 0.29443489183563704 0.031890668997635825 0.9551393753407603 0.35561944768525855 0.0 0.0 0.0 1.0
0.9722968379702777 0.009495866638652865 -0.23355584069911944 -0.2886242382506339 -0.016783355934520846 0.9994313773551188 -0.029234568077813612 0.244487703708608 0.23314603426068592 0.03234455535032573 0.971903689163083 0.39234805600993283 0.0 0.0 0.0 1.0
0.9878707399598059 0.008172590223194446 -0.15506223648719533 -0.29758029888078097 -0.012194861277161633 0.9996126311399955 -0.025006053979402358 0.2177453420601037 0.15479835922282945 0.02659373323465087 0.9875881367524926 0.4624341690273148 0.0 0.0 0.0 1.0
0.9960539518704663 0.004675396173987208 -0.0886246529294566 -0.2707844077821582 -0.0066119296352988525 0.9997452206104454 -0.02156964473500403 0.22218684070635636 0.08850176734548014 0.022070528766504033 0.9958315121926666 0.31897967253568993 0.0 0.0 0.0 1.0
0.9998182848328045 0.0012142631720352141 -0.019015940531671136 -0.16543239559360767 -0.001473959998735908 0.9999055095747995 -0.013647124724569823 0.20787120438138174 0.018998112205955733 0.013672689328433997 0.9997260419990996 0.36691171664193334 0.0 0.0 0.0 1.0
0.9984307383115189 -0.003175059792828105 0.055906853713639085 -0.14016263018669584 0.003814617630850554 0.9999281862184425 -0.011337349727829727 0.21924308829192857 -0.05586634685394686 0.011532833836867727 0.998371682576562 0.46330439874855145 0.0 0.0 0.0 1.0
0.9919673974899403 -0.0006956620920835572 0.126490317311162 -0.16864428347870097 0.002026635279612608 0.9999436486198038 -0.01039421481912241 0.20378362673121264 -0.12647550720280357 0.01056708332405436 0.9919135154750643 0.3048669293158959 0.0 0.0 0.0 1.0
0.9813041670380008 0.0015374076207129023 0.19245634665005973 -0.11998491671957323 0.0009446990984058654 0.9999172978521425 -0.012804718522920441 0.22717749241467639 -0.1924597132146302 0.01274715006791441 0.9812221357658727 0.5324928692449866 0.0 0.0 0.0 1.0
0.9773276124312478 -0.004372488511330817 0.21168673549405248 -0.10555141950511704 0.005793198155868362 0.9999644196132215 -0.00609181793609689 0.2213142980513645 -0.2116521705952148 0.0071800544086128145 0.9773187172985893 0.5830904456462642 0.0 0.0 0.0 1.0
0.9776008023066558 -0.004010853594976402 0.21042864026012945 -0.10705818398742162 0.005180882454194451 0.999973786251008 -0.005009409497309385 0.2213713492006683 -0.21040262701595874 0.005987417558869872 0.977596516099063 0.5506330858621205 0.0 0.0 0.0 1.0
0.9772245845904184 -0.0043377246126008046 0.21216262205846134 -0.1083485895859071 0.005495586802519321 0.9999727676677991 -0.004868205477842815 0.2128521957418847 -0.21213534330797068 0.00592329686115608 0.9772223585700935 0.5833101099473579 0.0 0.0 0.0 1.0
0.9770382677551596 -0.005078281970450469 0.213002427324191 -0.13993681307673445 0.0062579318308842065 0.9999683210663927 -0.0048645134438044515 0.21349440975208273 -0.21297058242030964 0.006085779220331265 0.9770396776524818 0.5807340211349956 0.0 0.0 0.0 1.0
0.9784311988998746 0.0018837267095615352 0.2065636090796595 -0.09587960816876206 0.0005420160105342509 0.9999313085077027 -0.011686244590617286 0.20713061041005404 -0.2065710473906425 0.011546159631478422 0.9783634895248301 0.564129238065064 0.0 0.0 0.0 1.0
0.9711041123807587 -0.0012029185344884137 0.23865246972116885 -0.10410023783708233 0.004323172138740267 0.9999116281109421 -0.012551605518877866 0.21621191654886845 -0.23861590288089746 0.013220664669065924 0.9710240497274296 0.7880860467187061 0.0 0.0 0.0 1.0
0.9536474687839516 -0.004125964986565531 0.3008971365466685 -0.03704449182078129 0.008751500745595405 0.9998630688427851 -0.014026329533273329 0.20503025795867447 -0.3007977116666253 0.016009489054773243 0.953553613405705 0.9285362970335536 0.0 0.0 0.0 1.0
0.926396492962374 0.0008931569610710868 0.3765480525657557 -0.05998690543568941 0.004882563120979635 0.9998843354596996 -0.01438402334508177 0.19815830631847853 -0.3765170686282462 0.015163841649810737 0.9262856239400679 1.0164442049548796 0.0 0.0 0.0 1.0
0.889810682454571 -0.01901828915147783 0.45593299577890894 0.11044928535041443 0.019357725409410748 0.9998046164005837 0.003925643506377336 0.18889142870014453 -0.455918365190557 0.005332743712115209 0.8900056634379688 1.2369573136530327 0.0 0.0 0.0 1.0
0.8429241520688072 -0.012739236002877517 0.5378812187820692 0.20353843694042917 0.015010072202933008 0.9998870793991329 0.00015879157788344062 0.16328932664843887 -0.5378223721268139 0.007939790083077726 0.8430208616588301 1.4795249432487685 0.0 0.0 0.0 1.0
0.7952942691896953 -0.035254966603332036 0.6051972560389718 0.34564702112667556 0.025476987062642283 0.9993690117993124 0.024737357360174062 0.1327942840346244 -0.6056873774006526 -0.004254888399675071 0.7956913395818136 1.559861312138402 0.0 0.0 0.0 1.0
0.7709190417920907 -0.01386309335021594 0.6367819615586362 0.3356228617487731 0.010111303936337078 0.9999032199049144 0.009527149058438543 0.15637586170854906 -0.6368522858076289 -0.0009059631260533464 0.770985328419304 1.5792926427905094 0.0 0.0 0.0 1.0
0.7714068675763133 -0.01900925891828615 0.6360579866633176 0.42431226188111726 0.012743579100785496 0.9998144837096625 0.014425123614667508 0.1522365491937504 -0.6362141105119801 -0.0030219878226005383 0.7715066679012196 1.7920048041916798 0.0 0.0 0.0 1.0
0.7704813790157933 -0.022651218359569916 0.6370596753697136 0.5563685404512544 0.02546071398346355 0.9996642360442771 0.004750850007546819 0.1630610131121233 -0.636953330424018 0.012559552987960942 0.7708001057072439 2.0720996403279743 0.0 0.0 0.0 1.0
0.7755057372982824 -0.03789126185193116 0.6302021833151321 0.7116847555663974 0.03567999618781016 0.9992321375680681 0.01617273120001214 0.14656578540944992 -0.6303309771593449 0.009943559604428295 0.7762628956999538 2.0171346332556777 0.0 0.0 0.0 1.0
0.7826655178226912 -0.020068469165492972 0.622118604637474 0.7662957305226534 0.01927107412597242 0.9997819633201104 0.00800691594901214 0.15342030259836814 -0.6221435762070546 0.005722154976194334 0.7828823365894968 2.2681101315089753 0.0 0.0 0.0 1.0
0.7821934913171547 -0.02421868258880791 0.6225644126157872 0.8815052883183578 0.02061521102247997 0.9997028639039729 0.012988805651015647 0.1255027304780575 -0.6226939197818998 0.002674531623668588 0.7824610310199791 2.300864754717723 0.0 0.0 0.0 1.0
0.780526346133929 -0.03421773060521955 0.6241853841831698 0.9437087412994227 0.028950694356972336 0.9994078004046858 0.01858526762755727 0.11311462587069862 -0.6244515898740882 0.0035643010790646933 0.7810554137806233 2.2401951716270005 0.0 0.0 0.0 1.0
0.8102914987152057 -0.0186473067548042 0.5857299995116326 1.0751919115136763 0.017319593481172617 0.9998187629303289 0.007870471359693848 0.14179284621143456 -0.5857704830124888 0.0037672306414945384 0.8104682701916903 2.4388353290542604 0.0 0.0 0.0 1.0
0.8612711454134107 -0.02296477367349106 0.5076260949522319 1.270656198890865 0.014733430453740258 0.9996865516588013 0.020227605673595574 0.0949978826019598 -0.5079313444304618 -0.009942389686166552 0.8613402029655904 2.538780371365381 0.0 0.0 0.0 1.0
0.911806196053972 -0.01352726083567708 0.41039755418658314 1.453119484461503 0.014944868492667207 0.9998880419771308 -0.0002463688237496117 0.11207886263194419 -0.4103480138034802 0.006357980771380365 0.9119068860979114 2.783786505892298 0.0 0.0 0.0 1.0
0.9518665117450725 -0.009190386908358446 0.30637457421067626 1.5755654559900119 0.010703693092581379 0.9999371563810715 -0.0032597679002329227 0.12000095969011854 -0.30632502282488333 0.006382208737148713 0.9519056350740602 2.920343554052817 0.0 0.0 0.0 1.0
0.9804900610250948 -0.0003431217891567099 0.19656732661856 1.6378059644056724 0.0036724803322493024 0.9998556581194233 -0.016573446279436122 0.11637106762224614 -0.19653285519754526 0.016972006733088244 0.9803503527522629 3.061690131360736 0.0 0.0 0.0 1.0
0.9902162905307713 -0.003752521954866279 0.13948906238720307 1.6492696969714897 0.0069293539100630614 0.9997271120877588 -0.02229635982472274 0.1151318735367032 -0.13936689903881763 0.023044804922336914 0.9899726680416573 3.2619408889046886 0.0 0.0 0.0 1.0
0.9901420421049019 -0.009557859190506751 0.13973897860291778 1.7582550865349018 0.011038422505189676 0.9998905168807698 -0.009824220802385658 0.08231788035920592 -0.1396293348106746 0.011269878065792627 0.990139746234281 3.457992024574767 0.0 0.0 0.0 1.0
0.9827464362835688 -0.020747222502500908 0.18378976757122173 1.7798071688869574 0.02302479460864789 0.9996819152766959 -0.010266850657118963 0.05334431825485572 -0.18351789638348942 0.014321435569561664 0.9829121005762506 3.743810316927725 0.0 0.0 0.0 1.0
0.9798408935369504 -0.0031194270449222575 0.1997541503905978 1.7834715021417646 0.008178123029710199 0.9996659657931122 -0.02450467267877595 0.07354862893109843 -0.1996105890837344 0.025644312820188465 0.9795397106294165 3.8932826903714712 0.0 0.0 0.0 1.0
0.9794581776634517 -0.015707894440095793 0.20103381782743854 1.8439157781996143 0.016638683862753977 0.9998569925871326 -0.0029412042325938515 0.04373134568320128 -0.20095847052838164 0.006225726484948544 0.9795799929720331 4.1306768541370555 0.0 0.0 0.0 1.0
0.9714944088703178 -0.008393347928825614 0.2369130937546756 1.8634745912835788 0.010869396251864621 0.9998988123523 -0.00914719165346584 0.045345921417625557 -0.23681196356015155 0.01146155450214355 0.9714879513928698 4.375780506500585 0.0 0.0 0.0 1.0
0.964683774947427 -0.01470191544669935 0.26299938021713587 1.9486819068016246 0.018501931791757898 0.9997567841701992 -0.011977999958728554 0.03535426029099739 -0.2627589530300439 0.016420985764841523 0.964721794365088 4.514292558336956 0.0 0.0 0.0 1.0
0.9560693156334307 -0.013508887195828889 0.29282855927631 1.9946671110270657 0.01592323339814926 0.9998557856443457 -0.005862854237763395 0.03275667065937121 -0.2927067708826154 0.010268078869115835 0.9561471362980459 4.770125985513168 0.0 0.0 0.0 1.0
0.9477971763385837 0.003111554087702756 0.3188581684865724 2.0744294018012264 0.0027360924762450454 0.9998359680935418 -0.01788989363962621 0.04117538717761046 -0.31886119688827425 0.01782843288792755 0.9476337960132426 4.9422670473996035 0.0 0.0 0.0 1.0
0.9464376266515065 -0.016423569812123808 0.32246821008236476 2.1485700298613963 0.0189452797173377 0.999809307727546 -0.004683011491254893 0.015514986782504861 -0.32232947568707426 0.01054143283874573 0.9465688789013116 5.140542461670116 0.0 0.0 0.0 1.0
0.9378970516682772 -0.008390923118530775 0.34681167409018154 2.200388351165369 0.01074840654250029 0.9999300888595147 -0.004874689504297615 0.007013195889024437 -0.3467462023135008 0.008299638265405933 0.9379223210653257 5.3753637724806484 0.0 0.0 0.0 1.0
0.9301191580260654 -0.018715575232635624 0.36678022184783626 2.2368254749825027 0.027178921773915444 0.9994696280705689 -0.0179236023356896 0.015582001163891412 -0.366249941211448 0.02663978870207553 0.9301351364403474 5.517352424591627 0.0 0.0 0.0 1.0
0.9295628612106903 -0.022238021845342595 0.36799187477526174 2.332744191618602 0.02038618495859155 0.999752098022553 0.008919313985878011 -0.025783809681319395 -0.3680987019412832 -0.0007891169703014443 0.9297864527323532 5.742077690076654 0.0 0.0 0.0 1.0
0.9336863727771879 -0.024191978692948257 0.3572732128225272 2.4241224260151144 0.022210127370607076 0.9997064738060402 0.009649614561731365 -0.023714016076662625 -0.35740150034288903 -0.0010746354234208474 0.9339502429584781 5.927293121730633 0.0 0.0 0.0 1.0
0.9307591344757021 -0.035234431848296936 0.36393078934386863 2.481781126905204 0.03515226002374525 0.9993581902855195 0.006851572826000748 -0.018172645664109782 -0.36393833369036815 0.006415817337212301 0.9314009860791744 6.070484531637107 0.0 0.0 0.0 1.0
0.9212490356530271 -0.02558451564795675 0.38813057456493244 2.5441003199927246 0.029813683254085586 0.9995433044339136 -0.00487730184947873 -0.018905106932955315 -0.3878282451990014 0.01606481359750789 0.9215917074217995 6.279853498703886 0.0 0.0 0.0 1.0
0.9180469303302553 -0.022237752867615795 0.3958470766110867 2.612889585956721 0.02687454835819435 0.999619507054481 -0.006171184981795013 -0.03186377319477646 -0.39555893569929085 0.016303655450565818 0.9182958873362137 6.41417459113969 0.0 0.0 0.0 1.0
0.9196818466765035 -0.0217949154913179 0.3920585201941117 2.713505511825658 0.021734995400978986 0.9997529473687427 0.004591698160348612 -0.046842250216073016 -0.39206145762737465 0.004298486075346836 0.9199289965587452 6.623049487334525 0.0 0.0 0.0 1.0
0.9191651135429016 -0.018686909635793537 0.3934287603922163 2.8090598508861553 0.02181733730753966 0.9997562377910597 -0.003485942331626768 -0.02142004511951129 -0.3932671741544272 0.011787781753956937 0.9193486948230413 6.776749279379355 0.0 0.0 0.0 1.0
0.9213691249534803 -0.0049304523987514165 0.38865735680039554 2.8530940137258316 0.011670826466132418 0.9998199318478257 -0.014984054089589893 -0.01784137899345685 -0.38851295024437477 0.01834185885216198 0.9212606876735111 6.9943873408839 0.0 0.0 0.0 1.0
0.9213388660987578 -0.025648477236551333 0.3879134002785958 2.960171643921897 0.03057695713893362 0.9995113624311848 -0.006537237970113845 -0.0453023935531398 -0.3875556289822308 0.01788427465411138 0.9216728140359411 7.180869334764399 0.0 0.0 0.0 1.0
0.9250162122410459 -0.027496742032567613 0.3789311019089582 3.063036173390004 0.030563673547216466 0.9995309815618161 -0.00207989859608932 -0.044005728805692784 -0.3786956359012568 0.013505518747295091 0.9254227353570306 7.315646239042622 0.0 0.0 0.0 1.0
0.9335091437317461 -0.0368569135152861 0.35665411005993725 3.1769830537847126 0.04314102139901917 0.9990224301253786 -0.009678127127181387 -0.04072570772184485 -0.3559482068431894 0.024421086882276098 0.9341865808967599 7.48809969302852 0.0 0.0 0.0 1.0
0.9547451884567599 -0.030680876598312385 0.2958381642816342 3.2781077006629293 0.03744681666700523 0.9991503767459454 -0.017230525610077464 -0.026786519024519062 -0.2950576338791875 0.02752900520562183 0.9550828255478132 7.688391686881477 0.0 0.0 0.0 1.0
0.9621269366734663 -0.03621644765463542 0.27018521707444604 3.3596839581885085 0.04170170103382712 0.9990239446178744 -0.014587476565854948 -0.05271473428282738 -0.26939265189161915 0.025302231404008738 0.962698018053645 7.910069325449334 0.0 0.0 0.0 1.0
0.9622839882359361 -0.04384717460743545 0.2684899772721013 3.4191727924537556 0.04911436530688555 0.9987097680137916 -0.0129295446078116 -0.058921056951104694 -0.2675761040076153 0.025628648294830247 0.9631958698096454 8.099143663995592 0.0 0.0 0.0 1.0
0.964947255364841 -0.028978854293974565 0.26083881967234274 3.489153091337987 0.0324555831927022 0.9994327263176033 -0.009030869489030426 -0.07553470157308062 -0.26042860621229247 0.017180040447832293 0.9653402427084395 8.284997297892126 0.0 0.0 0.0 1.0
0.9662437565277541 -0.030110971986471464 0.25586371840401345 3.5433930735682786 0.03556898907402928 0.9992274969453787 -0.016730354843809442 -0.07434472608497911 -0.25516175761564164 0.025266461971169062 0.9665682339247166 8.498540787464265 0.0 0.0 0.0 1.0
0.9679568781787267 -0.013776802828625829 0.2507380766915764 3.6000263159007053 0.020211014347529435 0.9995290623530657 -0.023104445884668662 -0.09136265121443761 -0.2503011584486564 0.027431832787219206 0.9677793361479424 8.707636751477233 0.0 0.0 0.0 1.0
0.9681164759688957 -0.018655268929858162 0.2498045865440395 3.6421003195947295 0.023070564432877482 0.9996252120593898 -0.014758759658441372 -0.10718383790482182 -0.24943510057872817 0.02005138627808484 0.9681839079213747 8.859710657115574 0.0 0.0 0.0 1.0
0.9694557394645571 -0.01833537283393298 0.24457980925713405 3.7199738458441622 0.022229676451394696 0.9996664130264448 -0.013171646953019273 -0.1353000176513589 -0.2442561852043589 0.018206313072323774 0.9695398372301264 9.098415408858918 0.0 0.0 0.0 1.0
0.9686842538017365 -0.03026865862631148 0.24644386058564455 3.7685221664126907 0.03449420774114257 0.9993226314234951 -0.012846443492647207 -0.14837495567185124 -0.2458875608678941 0.02094508101180721 0.9690720566993548 9.291558411148628 0.0 0.0 0.0 1.0
0.9699259773421254 -0.02009549790992418 0.24256888228389548 3.8110125795380685 0.025852987368310994 0.9994543137900145 -0.0205757696296073 -0.14025390425988524 -0.242022497796694 0.02622815618751654 0.9699161006728975 9.468205592142862 0.0 0.0 0.0 1.0
0.9733064017015526 -0.011407641208873182 0.22922574568882112 3.862384449616644 0.01591931320663813 0.999714397367278 -0.017842999987136895 -0.15946104268505523 -0.22895620358612356 0.02101588006009906 0.9732098563150057 9.677847931008053 0.0 0.0 0.0 1.0
0.9740763908540888 -0.011513677753981695 0.22592584214269068 3.893855237438922 0.015865652331005415 0.9997220583192775 -0.017456919548220044 -0.16349835327634704 -0.22566151902834686 0.020588892398496025 0.9739881977348152 9.886990261160738 0.0 0.0 0.0 1.0
0.9752327493188531 4.051520985126271e-06 0.22118095797122908 3.9409060732986214 0.0038834198151433508 0.9998458259060262 -0.01714152266011358 -0.1756287028310711 -0.2211464063594569 0.017575976249300736 0.9750822568354055 10.09911004263076 0.0 0.0 0.0 1.0
0.9761591125916678 -0.012257104451266581 0.2167096558997836 4.012440219606521 0.01588275455466248 0.9997616859275159 -0.01499702489066146 -0.19137183587620962 -0.2164736683991049 0.018081486228972894 0.9761210202188569 10.294982325297884 0.0 0.0 0.0 1.0
0.9778063018713852 -0.009624446994040548 0.20928952641646176 4.040322194318657 0.01296686548478701 0.9998095718618453 -0.014604445740658493 -0.1952387732785711 -0.20910858218952008 0.016994207267341778 0.977744788781336 10.507319268013616 0.0 0.0 0.0 1.0
0.9778043429178837 -0.021559698495985283 0.20840764122552632 4.105639864732324 0.021586374441491828 0.9997649769299781 0.002146240758150274 -0.2221407776335596 -0.20840440741065436 0.0024002183472696696 0.9780398253458372 10.677875046844232 0.0 0.0 0.0 1.0
0.978737714014116 -0.014556698439844378 0.2045984726500997 4.143201427535251 0.01857867586543059 0.9996701350693503 -0.0177510724039159 -0.19856037133629723 -0.2042720559624184 0.021174867979799943 0.9786851577042621 10.856925382102867 0.0 0.0 0.0 1.0
0.9795712835074445 -0.012550092166672296 0.20070499234991337 4.169097036619361 0.01514647409196216 0.9998205173550822 -0.01140629145978618 -0.22337099560222332 -0.20052529722904222 0.01421330723346882 0.9795854497492753 11.026484368356435 0.0 0.0 0.0 1.0
0.9811557401670533 -0.01637291424404807 0.19252326472868975 4.213458645267398 0.01990573287329518 0.9996671755383295 -0.016430478565584352 -0.22769857832130835 -0.19218963711222867 0.0199532308275735 0.9811549753051837 11.253004087708682 0.0 0.0 0.0 1.0
0.9811335855598601 -0.00700195674987894 0.1932040147518994 4.269510747816308 0.008789923182027051 0.999926418173961 -0.008399085520909868 -0.2375552789428217 -0.19313046408120943 0.009938935764488111 0.9811227568857867 11.458051005829113 0.0 0.0 0.0 1.0
0.9823235594067472 -0.012466318294277495 0.18677509957330043 4.292986509477915 0.016126227052121644 0.9997066185364817 -0.018089133380191007 -0.2376450822101201 -0.1864942839593632 0.020781416036353206 0.9822362602851356 11.587521619719949 0.0 0.0 0.0 1.0
0.9836153540852972 -0.004753293628224737 0.18021679867018692 4.334489554705235 0.007741871103963644 0.9998441741849189 -0.015883981890560138 -0.25661849074280296 -0.18011268799566826 0.017019006256448598 0.9834987523978318 11.806504646436817 0.0 0.0 0.0 1.0
0.9744216405976515 -0.01573580394119576 0.2241758238254756 4.366070104510753 0.019583330665242555 0.9996967626699576 -0.014950212278469885 -0.2649723039679556 -0.2238720735498648 0.018957975412230252 0.9744341435634873 12.053352289843497 0.0 0.0 0.0 1.0
0.9526522361601134 -0.017682194382770317 0.3035472982206367 4.366393534465363 0.026962379799001287 0.9992878545057107 -0.026408592758298967 -0.26955290751854866 -0.3028636405622613 0.03334261348294866 0.9524504669223027 12.259116271523512 0.0 0.0 0.0 1.0
0.923187873099449 -0.030039165806532247 0.3831731679300703 4.418710400901582 0.032412093287434156 0.9994748591303821 0.00026319878390007877 -0.3075383822100601 -0.38297930370947947 0.012176513161362408 0.923676666615875 12.551933720962229 0.0 0.0 0.0 1.0
0.8972136315745632 -0.01948049993372215 0.44116678784719565 4.535053723924576 0.02115986791300566 0.9997757832350179 0.0011132366761105411 -0.30560996716833166 -0.4410890201358155 0.008336277412470233 0.8974246446075922 12.737622864939862 0.0 0.0 0.0 1.0
0.89899928169038 -0.02622664705221379 0.4371640535981786 4.646430308140678 0.017502689061015687 0.999559726264081 0.02397294036808429 -0.3198911747882627 -0.4375997510044201 -0.013900048959623462 0.8990624444637368 12.849552956482203 0.0 0.0 0.0 1.0
0.8994592329247922 -0.025556240112028953 0.43625660447592896 4.628426732582459 0.027442834286982846 0.9996217336834728 0.0019776736954370292 -0.31294910555754285 -0.43614157074532606 0.010193335429001278 0.8998203311177554 12.954634125936568 0.0 0.0 0.0 1.0
0.8998740172421198 -0.012982890627934656 0.435956523839935 4.636079507043635 0.017841030052092567 0.9998162735837388 -0.007051764335120761 -0.3098307246951274 -0.43578434560423723 0.014123670657166285 0.8999403411254558 13.02165607533874 0.0 0.0 0.0 1.0
0.8995940583750192 -0.012861962687682253 0.43653748134191 4.654173223812582 0.01782067780267387 0.9998151178815567 -0.007265996911117594 -0.3095390264381912 -0.4363627768547966 0.01431590094598912 0.8996569204873879 13.016478006421892 0.0 0.0 0.0 1.0
0.8998404455259851 -0.016257485984966475 0.4359159957961498 4.662538927640256 0.020954370212833372 0.9997629604224137 -0.005969147228594327 -0.3088692569733446 -0.435715083782772 0.01450568367412709 0.899967755558895 13.023706894686015 0.0 0.0 0.0 1.0
0.8997007634956105 -0.014586693129875794 0.43626327877930554 4.669764923803477 0.02005804038768968 0.9997676002933986 -0.007937911696577602 -0.3072043686308977 -0.4360455655264189 0.01589238836415791 0.8997842951298853 13.039179747906214 0.0 0.0 0.0 1.0
0.8998406135381214 -0.014382330350840687 0.43598156420300516 4.6798445402722235 0.01983327942511843 0.9997719697067179 -0.007954071457801784 -0.308214127734199 -0.43576720171407246 0.015804398039049435 0.899920678156781 13.047452238949319 0.0 0.0 0.0 1.0
0.8999179840843216 -0.014892772092051762 0.43580467292476993 4.671252724291151 0.020597972255078863 0.9997531483151281 -0.008369528843818428 -0.30788246782992834 -0.43557190684726677 0.016508639527337037 0.9000025795995026 13.02556746522447 0.0 0.0 0.0 1.0
0.8999631630541595 -0.014519866828788607 0.4357239685250127 4.671597865465378 0.020097305940466603 0.9997647893583104 -0.008194344960668733 -0.30901238604766235 -0.4355019549536012 0.016131544625048944 0.900043241455248 13.03304439211258 0.0 0.0 0.0 1.0
0.9001624424369792 -0.014359000009253971 0.43531745504196817 4.672400895861918 0.019950577810029322 0.9997670314409032 -0.008277166525625884 -0.30542507901506233 -0.43509664328540254 0.01613568650007044 0.9002392036718556 13.024643342976717 0.0 0.0 0.0 1.0
0.9003795619882808 -0.013927166543664186 0.4348822381518567 4.677659960892614 0.019478516683125016 0.9997760342390744 -0.008310525516411699 -0.30872842396398503 -0.434668548169574 0.015953546207984597 0.9004491915239492 13.036286110219374 0.0 0.0 0.0 1.0
0.9002091868899272 -0.014521322489669234 0.4352153792298796 4.6702823181770245 0.020048119829191788 0.9997664619910459 -0.00811014513125187 -0.30833129858242125 -0.43499541725588037 0.016026135764505105 0.9002900330415224 13.031485386032045 0.0 0.0 0.0 1.0
0.9021447569585923 -0.008368957907514131 0.4313521899973894 4.6856847408101725 0.018637128228039264 0.9996347992930374 -0.01958393661924481 -0.31277404922030394 -0.4310302264243209 0.02570676830233867 0.9019712809783457 13.096195756790271 0.0 0.0 0.0 1.0
0.901613107321637 -0.004770307985439888 0.4325169718425508 4.703994249127103 0.013976551864069639 0.9997386403684253 -0.018109049132144915 -0.31215184710234256 -0.4323169964811913 0.022372513492328123 0.9014441241813147 13.135411282610619 0.0 0.0 0.0 1.0
0.9012060356756441 -0.018885219828476196 0.4329791852675525 4.743457676053571 0.02441169273870972 0.9996763335416506 -0.007208074469487662 -0.32125210432672985 -0.43270234848849665 0.01706576979705037 0.9013753372661804 13.190740947143741 0.0 0.0 0.0 1.0
0.9015589674216127 -0.012894554073190541 0.4324639917536202 4.848233998349415 0.020641590103763974 0.9996998034132454 -0.01322425913773675 -0.31184987153292876 -0.43216309344564563 0.020849250956784138 0.9015544388387429 13.34844827028142 0.0 0.0 0.0 1.0
0.9009937568536593 -0.031209038073715036 0.4327078988121194 4.904408817516184 0.034510205811399706 0.9994046229713093 0.00022391447638651777 -0.3313576916678254 -0.43245673529545414 0.014731143923038068 0.9015343367976336 13.483859085584363 0.0 0.0 0.0 1.0
0.9024060192741366 -0.02912332410244898 0.4299012808053307 5.007611025545447 0.030746795064944165 0.9995224967583937 0.0031710423480242837 -0.3371374996458566 -0.4297878162659912 0.010356569784415333 0.9028705367419122 13.69819250630406 0.0 0.0 0.0 1.0
0.9040772990317486 -0.038408783552690784 0.4256393913700874 5.085027933178512 0.044668695292599855 0.9989909637677739 -0.004731743099211115 -0.3370162269733888 -0.42502761971716896 0.023290662167228412 0.9048807186917794 13.83188283811167 0.0 0.0 0.0 1.0
0.9048846790365795 -0.03620843353471508 0.4241138613576915 5.10800783990169 0.03779591464867924 0.9992748596455975 0.004671262579098596 -0.3568059473142531 -0.42397494237801936 0.011802864636427404 0.9055970357173543 14.026520840501785 0.0 0.0 0.0 1.0
0.9091410327938444 -0.031784091547487944 0.4152736703251388 5.306557963865053 0.031839245977749085 0.9994702476702648 0.006792626847910111 -0.34924707189404636 -0.4152690085630625 0.007046594684475441 0.9096713762929427 14.231210859010249 0.0 0.0 0.0 1.0
0.9099391416456087 -0.03347327895348108 0.4133886562425473 5.343386713430631 0.03299871877156318 0.9994213309640106 0.008290005046619612 -0.3493319382807296 -0.4134263634282198 0.006097944613113131 0.910517155162262 14.423870382236112 0.0 0.0 0.0 1.0
0.9129837670309031 -0.02058443703777959 0.40747612145114853 5.4073469672362044 0.022137138751907842 0.9997548550107122 0.0009042328972078536 -0.3469778198256372 -0.40739431398152876 0.008194862228260588 0.9132156137477659 14.556758042534778 0.0 0.0 0.0 1.0
0.9121813299285741 -0.02688370025892339 0.40890385604046686 5.459838005117864 0.03745867465421471 0.9991386214941317 -0.017873757623211185 -0.35516145791370013 -0.40807059099316506 0.03162115210298523 0.9124026035090921 14.76457959925158 0.0 0.0 0.0 1.0
0.9147253593026362 -0.02835908365427845 0.4030796643715758 5.544146508040962 0.03581138824937332 0.9992987784806898 -0.01096179208598788 -0.3461660521819331 -0.40248558577903465 0.024461920253192607 0.9150994350267612 14.87229720421562 0.0 0.0 0.0 1.0
0.9150578694400114 -0.014458322748334843 0.40306322496092983 5.60893693878557 0.019885880282416713 0.9997594776372893 -0.009283840227138084 -0.3700537656669772 -0.40283150701293813 0.016510574575451145 0.9151252791034091 15.0762925065183 0.0 0.0 0.0 1.0
0.9165857688099469 -0.02093308841676273 0.3992896482283656 5.685348785584776 0.025290195157234248 0.9996645511090039 -0.005646669506860981 -0.377659539405647 -0.3990369466857581 0.015273825349309189 0.916807655409079 15.21554641591683 0.0 0.0 0.0 1.0
0.9180707832659488 -0.024115664935684598 0.39568210902491424 5.746604938061562 0.027976905084029134 0.999600941340585 -0.003990141543497164 -0.3859150435816081 -0.39542745186491096 0.014733247754018797 0.9183790462440681 15.322178531384433 0.0 0.0 0.0 1.0
0.9217860472296898 -0.029288025979561615 0.38659100206193403 5.884047714016628 0.03562125689585129 0.9993231021278978 -0.009226974096643477 -0.3939938602513738 -0.3860585216657373 0.022276202600233216 0.9222052832425481 15.463311943116622 0.0 0.0 0.0 1.0
0.9211823566283585 -0.011316885508458031 0.3889661367832861 5.955892894941022 0.011911493641191458 0.9999288407991699 0.0008828954825362726 -0.4057293373775688 -0.3889479460361828 0.0038198309695053286 0.9212519636657182 15.745707916700578 0.0 0.0 0.0 1.0
0.9228632836636951 -0.011129931660222546 0.38496652264553655 6.022633804887731 0.01609678376931382 0.9998237029675986 -0.009681786908306166 -0.41387878457228794 -0.3847904334106643 0.015131660172290584 0.9228800595830579 15.907724558333477 0.0 0.0 0.0 1.0
0.9237132677913943 -0.02276399293459386 0.38240719063349166 6.085917980726132 0.02734017670407848 0.9996049816537895 -0.006536195410174172 -0.4140165899558114 -0.3821068506233929 0.01649261696563473 0.9239710928934227 16.045912269039597 0.0 0.0 0.0 1.0
0.9273721483145358 -0.02466772419563573 0.37332570076995997 6.202038449876619 0.02531668709434251 0.9996746248539455 0.0031653384155436977 -0.4363991494872489 -0.3732818216192718 0.006515886018382974 0.9276952649848504 16.23692199662355 0.0 0.0 0.0 1.0
0.9283424066374694 -0.030841030332161377 0.3704441868464209 6.263423812381839 0.0324024605150848 0.9994730424189151 0.0020089289195281226 -0.4290973475344304 -0.37031043981554973 0.010138289618558817 0.9288528687719799 16.41832790534661 0.0 0.0 0.0 1.0
0.9318734291157523 -0.027219600126285857 0.3617605569288401 6.337295808730767 0.02759583449494016 0.9996107584790817 0.004127531377628714 -0.43785450472304516 -0.3617316303070198 0.006136708209545825 0.9322622101072531 16.569081789153863 0.0 0.0 0.0 1.0
0.9325779825764251 -0.04194269506100914 0.3585231114403763 6.421267944087343 0.045639101357904256 0.9989564291534067 -0.0018495267636726804 -0.435822540681122 -0.3580709195110469 0.01808745528331614 0.9335193207887961 16.709610904473145 0.0 0.0 0.0 1.0
0.9356503821382841 -0.02290638418985327 0.3521836314537362 6.471563203905765 0.029479542868169308 0.999476912657652 -0.013311661277170327 -0.43266209593663735 -0.35169399081694436 0.022837240249602188 0.9358365788719138 16.90801074683889 0.0 0.0 0.0 1.0
0.9368780893380296 -0.0268603911718318 0.3486224636010745 6.560963266464748 0.030743493027641174 0.9995117138055727 -0.0056096070751267615 -0.4440011143772244 -0.3483010509276912 0.015973353766383726 0.9372467896063021 17.06399344436497 0.0 0.0 0.0 1.0
0.9354889270670017 -0.033524236558910646 0.3517617109276359 6.599052405620554 0.027648443307497234 0.9993819836555169 0.021715554518602846 -0.4797248171197693 -0.35227181126607054 -0.010589041132655299 0.9358380040641849 17.190548686695795 0.0 0.0 0.0 1.0
0.9395703185195604 -0.02070145144724357 0.3417291247314513 6.627215509005003 0.025539156181598015 0.9996272436731967 -0.009662916228364142 -0.4424458532919601 -0.34140122848096127 0.017806429103953907 0.939749103574088 17.271634934687402 0.0 0.0 0.0 1.0
0.9384683925497546 -0.020701270161108253 0.34474377305725695 6.625403928783671 0.02082262460149061 0.9997776915303128 0.0033511591497754614 -0.4642969607546109 -0.3447360368030363 0.00403347882284626 0.9386911383725282 17.317999517908795 0.0 0.0 0.0 1.0
0.9394714186484308 -0.015863424686196288 0.3422593677179524 6.626183275177041 0.0176906229150658 0.9998411914624518 -0.0022174213155588644 -0.46319820078710844 -0.3421693387153831 0.008137954353728407 0.939603181110599 17.34498858442659 0.0 0.0 0.0 1.0
0.9393409999318902 -0.012389041464696073 0.3427604535326576 6.640854530227295 0.015028334166683623 0.9998745143564172 -0.005045062997236065 -0.4565406814646861 -0.3426544279175056 0.009890123912451953 0.9394096248690563 17.372260374789043 0.0 0.0 0.0 1.0
0.939347405008296 -0.0125649039712089 0.34273650496993074 6.632773102053648 0.015553212198355268 0.999861367650356 -0.005971674037687698 -0.45320716760214086 -0.3426134770951544 0.01094010103565041 0.9394128740129999 17.37242468748555 0.0 0.0 0.0 1.0
0.9395408707273063 -0.01374281153929805 0.34216050976136525 6.630224068280787 0.016496559639965314 0.999850843477069 -0.005139204724984053 -0.46516092460082564 -0.34203836795898457 0.01047293365466629 0.9396277813637522 17.352808420413318 0.0 0.0 0.0 1.0
0.9396581752956131 -0.013586010538744593 0.34184443425907185 6.6280201922630155 0.016303244540935704 0.9998543642017537 -0.0050767222418727385 -0.46478888583477546 -0.3417251941247105 0.01034352727771177 0.9397431325618798 17.349578299383044 0.0 0.0 0.0 1.0
0.9393457337158037 -0.013859905545623639 0.34269103030038406 6.624296001959827 0.016664798501767403 0.9998475383622789 -0.00524151342555985 -0.46496014473551045 -0.34256563467779266 0.010634440441025298 0.9394338647532032 17.349989039563905 0.0 0.0 0.0 1.0
0.9395286805343953 -0.013879145184620132 0.34218848877743063 6.630051944216613 0.01671896017844493 0.9998460471160984 -0.005350667269222418 -0.46274740154364186 -0.3420610634967264 0.010748110969281806 0.9396163826746616 17.350477742580942 0.0 0.0 0.0 1.0
0.9393253929057519 -0.013666344026236675 0.3427545556058335 6.621803197401963 0.01658678105835274 0.9998469440071284 -0.005590405409689604 -0.4635396056649819 -0.342625198837979 0.010936375226529566 0.939408640140044 17.35162827081151 0.0 0.0 0.0 1.0
0.9395708869992861 -0.013662463027988611 0.34208130638179507 6.631752696233846 0.0165719692828322 0.9998472357427736 -0.005583957370267359 -0.4618041336870677 -0.34195226736702466 0.010915454491151005 0.9396540829462342 17.350530389280735 0.0 0.0 0.0 1.0
0.9422646036668523 -0.005869165788644664 0.33481727529047534 6.671330630010225 0.014349367894995298 0.9996358525121263 -0.022859865467135913 -0.44925849803426515 -0.3345606810296241 0.026344436075033544 0.9420060259435681 17.385540159282854 0.0 0.0 0.0 1.0
0.9414260186802232 -0.013999161171092643 0.3369284595958917 6.697595212624914 0.019170263992311837 0.9997440488040042 -0.012025728449553736 -0.4510993955953025 -0.3366733927378581 0.01778031252581286 0.9414537256007631 17.458513685525805 0.0 0.0 0.0 1.0
0.9333393392727792 -0.0025033004091598752 0.35898619091779194 6.695123066659018 0.010098441229941659 0.9997631772056161 -0.0192836594058937 -0.4456111183451763 -0.3588524233573672 0.021623376738043844 0.9331439564867934 17.55048137711501 0.0 0.0 0.0 1.0
0.9053020209909785 -0.014594241861293721 0.42451729519356474 6.706773823320284 0.01604905939772612 0.999871335789502 0.00014867302281111684 -0.47857851497786547 -0.42446437883471505 0.00667847814817876 0.9054201446294495 17.637795243419163 0.0 0.0 0.0 1.0
0.8933705442278628 -0.0133058478176403 0.4491232779211636 6.748998590541037 0.014639467845709641 0.9998928795464002 0.0005030887086930683 -0.4885416478744232 -0.4490814021790159 0.006125450982223075 0.8934699766496922 17.73250478450428 0.0 0.0 0.0 1.0
0.8952569427451927 -0.006636454574923485 0.445500425734697 6.853477475836401 0.0025799169541368752 0.9999496845457694 0.009711391668743461 -0.5073451783335704 -0.44554199360254426 -0.007544864473630912 0.895229376331221 17.938111876243983 0.0 0.0 0.0 1.0
0.8980532440131495 -0.019638666541413427 0.4394478530469836 6.966404692457061 0.018222070135587343 0.9998063850992492 0.007442231259028165 -0.5050449148436569 -0.43950849145248494 0.0013240938537279275 0.8982376372638209 18.04393879521234 0.0 0.0 0.0 1.0
0.9000209609088274 -0.016306916458410158 0.4355410705348274 7.037512088302068 0.01583526885663565 0.9998636541216361 0.004712793624329779 -0.49284463108833443 -0.43555808473156277 0.002655264549906334 0.900156885760697 18.159864058983548 0.0 0.0 0.0 1.0
0.9132678756026479 -0.01565530167589522 0.4070582792130835 7.136922487484189 0.016648471489460557 0.9998609468411118 0.0011020725210095282 -0.4970089288661209 -0.4070184587032632 0.00577037920213662 0.9134018457815494 18.38414654478363 0.0 0.0 0.0 1.0
0.9416157188951592 -0.03634116333864985 0.3347220767330322 7.315542156390171 0.03798590125527138 0.9992770638049115 0.0016334945023976704 -0.4801417464144448 -0.3345389783690669 0.011176551858123782 0.9423157966741964 18.57397031406031 0.0 0.0 0.0 1.0
0.9604592052990221 -0.021046806161628472 0.2776236308077463 7.418440329990773 0.023406246729923596 0.9997127400647 -0.005186836446859727 -0.4662433209155292 -0.27743420484974907 0.011479837809933066 0.9606762037118014 18.77000319433423 0.0 0.0 0.0 1.0
0.9604633746532428 -0.025113354856379326 0.2772708232565653 7.4667390831113725 0.026876211003201807 0.999635633744587 -0.00255856289252633 -0.47621482347724053 -0.27710502643428425 0.00990935796784705 0.9607886931531721 18.952690995952462 0.0 0.0 0.0 1.0
0.962208453633969 -0.011435870935043937 0.2720732108560671 7.549442196807163 0.01372227190179456 0.9998848782911351 -0.0065024237741900795 -0.4798080571050504 -0.2719670063090986 0.009990121081440427 0.9622548685567146 19.149333617928317 0.0 0.0 0.0 1.0
0.9626662600517437 -0.03013512197578321 0.2690079204939678 7.610562543235256 0.0324304759426662 0.9994657694250786 -0.004091724470822471 -0.4845650346250948 -0.2687403890113629 0.012662981095918745 0.9631295414355223 19.309306736755868 0.0 0.0 0.0 1.0
0.9654949394593659 -0.013782628363968184 0.26005625968752905 7.660816685544064 0.014131300324715159 0.9999001296044585 0.0005289235265474849 -0.4932153415516125 -0.2600370714580559 0.0031642295774950632 0.9655935770891103 19.48582496395565 0.0 0.0 0.0 1.0
0.9660061369295824 -0.02384673762943408 0.25741631293530076 7.732084330754019 0.023846786165670066 0.9997108999683301 0.0031221691813084437 -0.49675761550913 -0.2574158240006828 0.003122480079223365 0.9662958305992062 19.667293404405427 0.0 0.0 0.0 1.0
0.9673680470851217 -0.024099663678503625 0.2522259719395862 7.780558359207364 0.026823490102337328 0.9996132190529133 -0.007365815159090855 -0.4885945178413078 -0.2519503696533637 0.013890999867766223 0.9676406088617093 19.83117888827201 0.0 0.0 0.0 1.0
0.9695870876131681 -0.025725175849602187 0.24339017402771962 7.834888171630801 0.026727671938984635 0.9996425833577213 -0.0008169100743025212 -0.5017865862504833 -0.2432816382245491 0.0072972820281858196 0.9699283793592921 19.999945882204056 0.0 0.0 0.0 1.0
0.9705878618800362 -0.0326672264312106 0.23851999791379241 7.8834356794966 0.03335512033296126 0.9994430325186147 0.0011527497733989345 -0.5073910750685029 -0.2384242975220508 0.0068369780194101285 0.9711371324964877 20.178371890194843 0.0 0.0 0.0 1.0
0.972297891007707 -0.015080106801567367 0.233257483205549 7.9060289230876535 0.017701592672663444 0.9998015995825938 -0.009149163113084181 -0.5038640281886325 -0.23307270798339652 0.013024711147878459 0.9723722035876845 20.32315834425119 0.0 0.0 0.0 1.0
0.9722300525807471 -0.0335438878541818 0.23161013065484104 7.981062595509511 0.03513578234921748 0.9993788961376412 -0.002750357925803032 -0.5367345859716064 -0.23137350659113695 0.01081174221650344 0.9728050293732923 20.4861954045007 0.0 0.0 0.0 1.0
0.972322886474313 -0.02931402090436367 0.23179419016337965 7.996740009072914 0.031767039376236476 0.9994719327742786 -0.006856438473772673 -0.5387726829257754 -0.23147026521215944 0.014030049126898675 0.9727409447642573 20.575437736743414 0.0 0.0 0.0 1.0
0.9729925689481785 -0.026269491845494482 0.2293360701851425 8.007929972690832 0.029362082719670245 0.999518117142662 -0.010082403849536292 -0.5299045208462145 -0.22896016940113845 0.016543852276194558 0.9732953407705963 20.617239758887703 0.0 0.0 0.0 1.0
0.9733515183739284 -0.02312417376962982 0.22814854711185636 8.00981435869511 0.026114032289341976 0.9996081499802077 -0.01009440989726488 -0.5292220708006117 -0.2278251910109824 0.015783253432635428 0.9735742625196452 20.641109615757117 0.0 0.0 0.0 1.0
0.9735655211120737 -0.02301805249748004 0.22724449764313617 8.014980053397112 0.025134863043399066 0.999663554781879 -0.006425370844023624 -0.5365705002660427 -0.22701961726268974 0.011967243470086151 0.9738168065809414 20.661490283739656 0.0 0.0 0.0 1.0
0.9735426816745758 -0.024850027880742222 0.22714924807721518 8.016694295438672 0.027361143967756983 0.9995944483612877 -0.007912397365449774 -0.5340480091878893 -0.2268599699682343 0.013918083823737333 0.9738280741941346 20.665084181456255 0.0 0.0 0.0 1.0
0.9736327634457486 -0.024616478412831308 0.22678845119340438 8.018020101565488 0.027162527402981577 0.9995982315639158 -0.008112142580911908 -0.534001095771532 -0.22649713346270364 0.014058359531984591 0.973910483723039 20.66656606044649 0.0 0.0 0.0 1.0
0.9735745791803989 -0.02470208532270748 0.22702863755637534 8.01851221872916 0.027317992398474693 0.9995917318915732 -0.008387076563019008 -0.5351533757818211 -0.22672823720785826 0.014367375022820985 0.9738522513837393 20.668123532848277 0.0 0.0 0.0 1.0
0.9735113516142294 -0.024460400640824234 0.22732573363280606 8.0173966530269 0.02715221894790277 0.9995933916186952 -0.008721149474744045 -0.5319548856625688 -0.22701945326879308 0.014662500620445126 0.973779967092083 20.671663692836965 0.0 0.0 0.0 1.0
0.9736221054546541 -0.024487172483313415 0.22684805434671346 8.018358997824436 0.02714512702023069 0.9995946072403571 -0.008604234489061295 -0.5332243611622471 -0.22654486943640845 0.01453505649184351 0.9738924126060338 20.66793793850134 0.0 0.0 0.0 1.0
0.9736144623534527 -0.024481469010158307 0.22688143425325213 8.016615223310463 0.027151124667658184 0.9995940601740149 -0.008652989022894806 -0.5347622770257539 -0.22657695209012021 0.014584726134226754 0.9738842242503007 20.6701201868329 0.0 0.0 0.0 1.0
0.9735404123012654 -0.024447497063410522 0.22720281740550172 8.016883946797476 0.0271376668155747 0.9995937722677564 -0.008723712201596743 -0.5336094572551137 -0.2268967241291487 0.01465860448710176 0.9738086650320551 20.669652628970674 0.0 0.0 0.0 1.0
0.9736301418275901 -0.024338745964521416 0.22682948202251085 8.016660501426863 0.026993005229234403 0.9995987063996673 -0.00860659035018759 -0.5334833054455314 -0.22652845296273008 0.014502409818280625 0.9738967084444479 20.66503533325896 0.0 0.0 0.0 1.0
0.9735577770265849 -0.024526036624529745 0.2271198036848583 8.015609145570386 0.027202359852753176 0.9995925586459071 -0.008660751206020985 -0.5331652599021747 -0.22681433113674648 0.014609900870656526 0.9738285474406102 20.66286490241514 0.0 0.0 0.0 1.0
0.9735800456529503 -0.024460732739570508 0.22703148933477166 8.01517678527336 0.027112732651144732 0.9995957880099247 -0.0085696165618774 -0.5326593115496492 -0.22672958218481326 0.014498616019491511 0.9738499598902056 20.663587183044033 0.0 0.0 0.0 1.0
0.9735974473094274 -0.024465359616434038 0.22695617312324332 8.015741526065286 0.02711923467920024 0.9995955034236141 -0.0085820966166125 -0.5347138358379371 -0.2266538696333113 0.014510349596308186 0.9738674369048158 20.66383620407727 0.0 0.0 0.0 1.0
0.9735467123420118 -0.02455209903080986 0.22716446770831433 8.016176727385497 0.027197583019812323 0.9995938960307044 -0.00852242899314543 -0.5347335715779706 -0.22686243954859203 0.014475271338141448 0.973819391817725 20.665613295005205 0.0 0.0 0.0 1.0
0.973468207055834 -0.024337764013479136 0.22752358468783063 8.014510193353678 0.026997695071811184 0.9995987733144046 -0.008585499293054834 -0.5341947731484418 -0.2272228159547593 0.014500287939420884 0.9737349611267825 20.666915354084033 0.0 0.0 0.0 1.0
0.9735943234323836 -0.024501108413164767 0.22696589056279112 8.015985729476661 0.02718279594811181 0.9995927901838148 -0.008696849785378574 -0.5343512470994458 -0.22665985541651032 0.01463673506744174 0.973864160506811 20.66640249078658 0.0 0.0 0.0 1.0
0.9735709918573988 -0.02438956585389039 0.227077936866984 8.015886301612854 0.02704552341316805 0.9995974155795717 -0.008591727047305693 -0.5336075224757486 -0.22677644342596798 0.014506061467943043 0.9738389642285933 20.666359061368144 0.0 0.0 0.0 1.0
0.973654907125608 -0.024386281125519254 0.2267180808683889 8.017208225505954 0.02699993993302552 0.999600026529755 -0.008433832047506048 -0.5356643627461591 -0.2264211933059968 0.01433298161442578 0.9739241600775324 20.66605470436752 0.0 0.0 0.0 1.0
0.9734855537948025 -0.024082100523958008 0.22747664988520044 8.01187374851636 0.027102953774489985 0.9995811036670871 -0.010165108856773594 -0.5317698578297323 -0.22713603944292188 0.01606084076964117 0.9737307270419335 20.66318650856013 0.0 0.0 0.0 1.0
0.9736188299679599 -0.02761920963548726 0.2265021330026773 8.028509664945934 0.029725529828074467 0.9995408792597649 -0.0058931564813571 -0.540232661306155 -0.2262348423337346 0.012470546743746586 0.9739931010070636 20.72197357747493 0.0 0.0 0.0 1.0
0.9750267254653175 -0.020800513862827382 0.22111074947533227 8.04965226353764 0.02289183624657394 0.9997143117570532 -0.006899640071954629 -0.5411885167379926 -0.22090354216617844 0.011788931137912451 0.9752245194908364 20.803233730865998 0.0 0.0 0.0 1.0
0.9768575918529687 -0.040130903547482305 0.2100916095962793 8.090590278717258 0.043319439002896996 0.9990052599312143 -0.010595103739335256 -0.5392530844411598 -0.20945689998927244 0.01945091408812109 0.9776245485256984 20.915796024389998 0.0 0.0 0.0 1.0
0.9826490280171404 -0.02657098637875588 0.18356077039740193 8.127616703993452 0.029445019772324357 0.9994826493311529 -0.012948747184450488 -0.5416174805636245 -0.18312121756383892 0.01812898799507467 0.9829232817923343 21.053924297747567 0.0 0.0 0.0 1.0
0.9821713958550874 -0.030988844663190688 0.1854150314907793 8.164548115617597 0.03288439911030466 0.9994336647809052 -0.0071559706171503935 -0.5449461723449616 -0.18508773363843828 0.013125612030898744 0.9826344774463114 21.215807400914986 0.0 0.0 0.0 1.0
0.982281176366793 -0.026885690204589013 0.1854738294183648 8.181672341814066 0.029512333937234035 0.9994994065965219 -0.011414994297203794 -0.5519311943120107 -0.1850735455278749 0.016686463428986498 0.982583116794257 21.358003937776616 0.0 0.0 0.0 1.0
0.9834981926057511 -0.03323242647736773 0.17783869782736875 8.234896999072996 0.034948708816268284 0.9993679460615325 -0.006525984312195449 -0.5597531513924894 -0.17750887543286412 0.012633485883909116 0.9840382378546215 21.52343093881704 0.0 0.0 0.0 1.0
0.9844562006812063 -0.03343545253877132 0.17241749797168734 8.259828582271313 0.03582295697291523 0.9993004684677311 -0.010753385591244178 -0.5607500799335942 -0.1719368088664802 0.01676270143107871 0.9849654870794885 21.67792398156996 0.0 0.0 0.0 1.0
0.9855955004370888 -0.021606320948594108 0.16773295544543637 8.290039282983129 0.025376883870621016 0.9994705472280427 -0.020368469619933886 -0.5544735880732135 -0.16720352856168513 0.024331578121738136 0.985622231604966 21.84596774611197 0.0 0.0 0.0 1.0
0.9857490439528799 -0.04441209105447198 0.1622531174199687 8.329009746414156 0.04721614890973831 0.9987940762883674 -0.01346504267892871 -0.5676446521255333 -0.16145889384108505 0.020934073840275142 0.986657543966222 22.000604781941828 0.0 0.0 0.0 1.0
0.9873443998564277 -0.024842026293011913 0.15663202617424618 8.353238949308928 0.026787074229360275 0.9995880195522879 -0.010318957510819713 -0.5757447380258317 -0.1563106031562941 0.01438404265648353 0.9876033442208848 22.185527962845345 0.0 0.0 0.0 1.0
0.9878922668845175 -0.02735751400351551 0.1527092935126658 8.38243971991137 0.02964475656628979 0.9994796891302224 -0.012720568305255782 -0.5762591254422101 -0.15228130094924086 0.017093544227409763 0.9881894838004118 22.309716736842432 0.0 0.0 0.0 1.0
0.9882833981113016 -0.022067265243061147 0.15102542763282575 8.412840630117488 0.026647880050136855 0.9992422709330713 -0.028373478381676573 -0.571243334667795 -0.1502843319589196 0.032065513997937424 0.9881228048431444 22.44848533346402 0.0 0.0 0.0 1.0
0.989963950338507 -0.012419616868719157 0.14077224941122343 8.451618351327054 0.014693710504893952 0.9997777533488342 -0.015126492582382958 -0.5934976307514298 -0.14055256054971405 0.01704312047121235 0.9899266448119429 22.595097952268645 0.0 0.0 0.0 1.0
0.9896131817808388 -0.009315852951835445 0.14345257939142916 8.473569302086322 0.012107945148261093 0.9997537760836623 -0.018602846430089408 -0.6023506252272742 -0.14324340817976405 0.020146512745796943 0.9894825323993383 22.793167931001133 0.0 0.0 0.0 1.0
0.9908807711976595 -0.014072163166325834 0.13400358608953422 8.51977815953161 0.015907300343553265 0.9997937851463247 -0.012633844761975764 -0.6163466601338943 -0.13379761023876785 0.01465023900635329 0.990900548333095 22.954406673737676 0.0 0.0 0.0 1.0
0.9911971801046239 -0.031458022387881986 0.1286009811038023 8.537829277295195 0.03279757189419826 0.9994276068434039 -0.00831137851644329 -0.6138604183642153 -0.12826536067091157 0.012455975647068143 0.9916617922468584 23.087786168764474 0.0 0.0 0.0 1.0
0.992293641213691 -0.007736103723497269 0.12366559337536322 8.55987537677058 0.009990331407576224 0.9997950107062746 -0.01761870821447832 -0.6232728290814565 -0.12350339498533214 0.01871836677751788 0.9921677075986367 23.24603777752928 0.0 0.0 0.0 1.0
0.9925210879017794 -0.020922580174828634 0.12026581111335757 8.585516075880815 0.02291070574277339 0.9996225200267119 -0.015172047264797078 -0.6337138350706724 -0.11990242753689265 0.017813918158722263 0.9926259584925279 23.373970532177925 0.0 0.0 0.0 1.0
0.9932279357083266 -0.02092603429240986 0.1142804346709814 8.613984440622549 0.02369031133698904 0.9994575368154488 -0.022884066384468136 -0.6223142362863197 -0.11373900137939182 0.025436401815206254 0.993185144265505 23.512987668307634 0.0 0.0 0.0 1.0
0.9945445681460113 -0.014257940803219408 0.10333175380396271 8.628752624686527 0.016204004609414062 0.999706476684474 -0.018018207328853512 -0.6364924839276607 -0.10304398322773672 0.01959427032200626 0.9944839019764964 23.682899309647027 0.0 0.0 0.0 1.0
0.994503646538022 -0.005414065133158472 0.10456011289206409 8.645284258951339 0.00688890411455124 0.9998818708226384 -0.013749203133961947 -0.6608769638586175 -0.10447276872476094 0.01439391268425746 0.9944237035808354 23.858433228412466 0.0 0.0 0.0 1.0
0.9943340176447428 -0.004961633210424162 0.10618365248836406 8.677008004710451 0.0031373024392466905 0.9998448281035924 0.017341027801267984 -0.6722955723911048 -0.10625266062821306 -0.01690967192674015 0.9941955007582418 23.99435747475738 0.0 0.0 0.0 1.0
0.995270838011838 -0.02441691786797826 0.09401815461206156 8.685539156120656 0.025539197135848946 0.9996161440149064 -0.010751947784117095 -0.6686911084722688 -0.09371895582749495 0.01310221297388572 0.9955126277709171 24.047806152318557 0.0 0.0 0.0 1.0
0.9954534353397504 -0.019917030617003843 0.09314218076313145 8.688047731221742 0.020603469313767227 0.9997673093146718 -0.006413875651658465 -0.6644311064225694 -0.09299219858049895 0.008303733388057323 0.9956323278447481 24.10059538501519 0.0 0.0 0.0 1.0
0.9953808710855995 -0.019605599810903367 0.09398024457791507 8.678834761090013 0.020278782403647826 0.9997752162611 -0.006213246467845281 -0.6732248920567467 -0.09383675910167329 0.00809031765141835 0.9955548784195125 24.12712833341689 0.0 0.0 0.0 1.0
0.9953996909779669 -0.018890913144515575 0.0939272467824057 8.682668051431737 0.01973034559325866 0.9997733221581809 -0.00801632543417557 -0.6710057137047638 -0.09375394709503736 0.009832630751147809 0.995547005959253 24.13367493317181 0.0 0.0 0.0 1.0
0.9953592571759513 -0.019419996135841062 0.09424672697587504 8.673068803594838 0.020370245442023215 0.9997509565295555 -0.009130904645371016 -0.6681925304092304 -0.0940453666559265 0.011008327159907612 0.9955071551525974 24.14933471853196 0.0 0.0 0.0 1.0
0.9953714271835796 -0.016968055152334963 0.0945912009527785 8.666643802802923 0.01882977088230645 0.9996456208632339 -0.018823917142720085 -0.6781868495692427 -0.09423773408207349 0.02051789013705365 0.9953383767472238 24.161747583949904 0.0 0.0 0.0 1.0
0.994572930880633 -0.019666254778943223 0.10216480677057876 8.68957175082445 0.021310889511592938 0.9996600699935365 -0.015031288752498841 -0.6834721046612053 -0.10183391305900422 0.017126903330370095 0.9946541343300193 24.236358740422837 0.0 0.0 0.0 1.0
0.9912651839806401 -0.012750843865290011 0.13126457225085275 8.721964740999018 0.014399922677164173 0.999828928452884 -0.011621451028305717 -0.6779068551588316 -0.13109336308198116 0.01341011083747789 0.9912794841792351 24.33201856822455 0.0 0.0 0.0 1.0
0.9817586843378171 -0.024433372915624026 0.188553883175382 8.737846892667628 0.025252692915950548 0.9996793494422863 -0.0019438267457646697 -0.6949037594006291 -0.18844538991119628 0.006669825212600457 0.9820611413769178 24.466273571393348 0.0 0.0 0.0 1.0
0.9717793556510045 -0.02701322292455183 0.23433914251583418 8.756443718877392 0.028459901885920486 0.9995911662266561 -0.0027932576438849267 -0.7124533775764146 -0.23416735202623604 0.00938366098566 0.9721511693338697 24.577991554217007 0.0 0.0 0.0 1.0
0.9740666904342159 -0.019830310374828443 0.22538968692409123 8.79443153421029 0.018834702611224368 0.9998011972088784 0.006566880039422077 -0.7118715057482576 -0.22547457418277733 -0.0021514672054232242 0.9742467988469616 24.76684328325915 0.0 0.0 0.0 1.0
0.9743490836809836 -0.03653445097808892 0.22205592730558382 8.848588353574455 0.02905083634085417 0.9988976512000162 0.03687592124160504 -0.7276980122512143 -0.22315786767850768 -0.029479162663170043 0.9743365849188657 24.8777373743474 0.0 0.0 0.0 1.0
0.9755736883552196 -0.026061291707360455 0.2181203985950486 8.825471089556364 0.026788802203374616 0.9996412121534873 -0.00037829614509972577 -0.7082755869302558 -0.21803174865105227 0.0062122024768183235 0.9759220458359921 24.95642044996547 0.0 0.0 0.0 1.0
0.9754131657189241 -0.024300528464084974 0.21903957063010984 8.844414804145917 0.023642431203260192 0.9997048006592915 0.005625524746938897 -0.7186038729513755 -0.21911107810513347 -0.00030862067397981993 0.9757000365947867 25.017623541979876 0.0 0.0 0.0 1.0
0.9771305464618852 -0.023691864627668358 0.21131570838173322 8.86669146788914 0.0249010847860455 0.9996853846288566 -0.003062732873773764 -0.7082608863725746 -0.21117614101168888 0.008254644162283817 0.9774132879044259 25.134576760041256 0.0 0.0 0.0 1.0
0.9761203946721738 -0.048099323047602414 0.2118374392002854 8.924899613639518 0.043364948902783224 0.9986961042192113 0.026941380984859025 -0.72291522073087 -0.21285655976189216 -0.01711176379102692 0.9769337299806788 25.27125125717433 0.0 0.0 0.0 1.0
0.978547319437833 -0.02278778019824084 0.20475733394297607 8.940234940419122 0.02426018289840604 0.999694861202114 -0.004683171445908901 -0.7122928275622045 -0.20458761095713573 0.00955012054849611 0.9788017802147451 25.402756130949903 0.0 0.0 0.0 1.0
0.9781930815472338 -0.03183769416123922 0.20524229220051718 8.977892322571616 0.03078716256851309 0.9994915357754376 0.008310741352229659 -0.7356753073479878 -0.20540200743917406 -0.0018107245131245547 0.9786761422907767 25.535085325180006 0.0 0.0 0.0 1.0
0.9793724277424424 -0.03198778018105784 0.19951473614160803 9.015802920115913 0.034152804085627285 0.9993892090600933 -0.0074183746915974695 -0.7134969270550956 -0.19915504454574898 0.014079298985761548 0.9798670024425975 25.687583260073655 0.0 0.0 0.0 1.0
0.9809729822504251 -0.02534634311668905 0.19248190933063297 9.046107285604945 0.026200852628312274 0.9996550683468609 -0.0018948908488168306 -0.7205842973044622 -0.1923669455694246 0.006901989275765622 0.9812989487718348 25.80055997659795 0.0 0.0 0.0 1.0
0.9755807172861942 -0.02837405589075032 0.2178001496591941 9.073618532097184 0.028269138846400834 0.9995940320150227 0.003598280001792998 -0.7393711234772894 -0.21781330183093456 0.0026465718715372494 0.9759869917276552 25.961825558507474 0.0 0.0 0.0 1.0
0.968940953499796 -0.019896157388922787 0.24648987615066087 9.064942218313941 0.018700644965712884 0.9997994202501294 0.007190323874066796 -0.7490752230079029 -0.24658296722895884 -0.002357514531005673 0.9691189738687437 26.134849697589658 0.0 0.0 0.0 1.0
0.970100256251787 -0.026640337713076313 0.24123727702857878 9.12000931834025 0.0276477084653103 0.9996175333917636 -0.000791354456919325 -0.7437377355045985 -0.2411234061598138 0.007437313368876617 0.9704661016231748 26.258027841925998 0.0 0.0 0.0 1.0
0.9664704351361982 -0.024181287978787415 0.2556362435164114 9.151805837373196 0.023547516816308393 0.999707528321978 0.005540034163973911 -0.7656859311542532 -0.2556949241831064 0.0006652815955711365 0.9667574356435846 26.43363310642145 0.0 0.0 0.0 1.0
0.9472144825783849 -0.04269917340260734 0.3177439409324328 9.171308238579215 0.043417669585301244 0.9990455077155064 0.0048232794258142265 -0.7544101840873001 -0.3176461095238437 0.009226974354886616 0.9481645814928155 26.564093075588367 0.0 0.0 0.0 1.0
0.9473248888603221 -0.0410276718527133 0.3176349510233677 9.227387921889424 0.03991351267701981 0.9991530594288298 0.010017335141764023 -0.7698780198815357 -0.3177764197060027 0.003188209020025724 0.9481604757496993 26.75116024278131 0.0 0.0 0.0 1.0
0.9521610920458138 -0.03125724700798476 0.3039932882328896 9.311710064715532 0.028983938162849367 0.9995081254243757 0.011988717686961643 -0.7687516213560444 -0.3042179764950476 -0.002604307596154449 0.952599032704652 26.88724627110927 0.0 0.0 0.0 1.0
0.9723381225302417 -0.03227435640913306 0.2313366500326786 9.360587279376988 0.03489590109460813 0.9993648154434606 -0.007248147666371469 -0.7449601939709105 -0.23095524729141217 0.015120310486061652 0.9728470465393024 26.98134807615721 0.0 0.0 0.0 1.0
0.9793000422233121 -0.022606023766088418 0.20114703440455944 9.41573492542014 0.0255283998500405 0.9996028353511406 -0.011946086858066805 -0.737584635467551 -0.20079655819867703 0.016833730166320067 0.9794884850921077 27.149397302967074 0.0 0.0 0.0 1.0
0.9791939762507645 -0.040387143334955994 0.19886596631285203 9.47705010531814 0.043931338223635534 0.998944258655183 -0.013440213447567888 -0.7474057865976392 -0.19811266200636513 0.021896980021853012 0.9799347991413339 27.303095812597775 0.0 0.0 0.0 1.0
0.9813302172049468 -0.020903223270925045 0.19119038017357212 9.522000857368484 0.02225948746051753 0.9997401250115429 -0.004948574066386604 -0.7564961464269976 -0.1910367201317829 0.00911195063741088 0.9815407196848124 27.420527839862693 0.0 0.0 0.0 1.0
0.9814719504371765 -0.0381879390004639 0.18776104609395092 9.578234322789866 0.04061897174937563 0.9991332577221936 -0.009115538314801743 -0.7538070372004047 -0.18724966911291702 0.0165732621422659 0.9821726886104284 27.54248400332598 0.0 0.0 0.0 1.0
0.983386499773111 -0.032123082176131516 0.17865835611995678 9.628264812131178 0.03144963566086574 0.9994836785702081 0.006601120023901526 -0.7640530697018568 -0.1787776235521538 -0.0008727554372434497 0.983889264145701 27.680263793015015 0.0 0.0 0.0 1.0
0.9833027696524989 -0.03465680802201854 0.17864565007279748 9.671507446231983 0.034185771545674766 0.9993992909266751 0.005715350407684311 -0.7743956994097969 -0.1787358671409556 0.0004871758214413696 0.9838971221362259 27.769034251281877 0.0 0.0 0.0 1.0
