225.1003875732422 220.86102294921875 252.0 140.0
225.25271606445312 221.11199951171875 252.0 140.0
225.1243133544922 220.90342712402344 252.0 140.0
225.21897888183594 220.88677978515625 252.0 140.0
225.18515014648438 221.04327392578125 252.0 140.0
225.2052459716797 220.9211883544922 252.0 140.0
225.3942108154297 221.08782958984375 252.0 140.0
225.2945098876953 221.1674346923828 252.0 140.0
225.01026916503906 220.9853973388672 252.0 140.0
225.1320343017578 221.0330810546875 252.0 140.0
224.95855712890625 221.13568115234375 252.0 140.0
225.0911102294922 221.06060791015625 252.0 140.0
225.27430725097656 221.26414489746094 252.0 140.0
225.281005859375 221.28851318359375 252.0 140.0
225.2177734375 221.33612060546875 252.0 140.0
225.14610290527344 221.05923461914062 252.0 140.0
225.1055908203125 221.1102294921875 252.0 140.0
224.92784118652344 220.9069366455078 252.0 140.0
224.98826599121094 221.00917053222656 252.0 140.0
225.18577575683594 221.20718383789062 252.0 140.0
224.94789123535156 220.89048767089844 252.0 140.0
225.1466827392578 221.08944702148438 252.0 140.0
225.2928009033203 221.03900146484375 252.0 140.0
225.15940856933594 221.01425170898438 252.0 140.0
225.00906372070312 220.93426513671875 252.0 140.0
224.95567321777344 220.9491424560547 252.0 140.0
225.01724243164062 220.95571899414062 252.0 140.0
225.0315704345703 221.02041625976562 252.0 140.0
225.02743530273438 220.90597534179688 252.0 140.0
224.79757690429688 220.75570678710938 252.0 140.0
225.11546325683594 220.97552490234375 252.0 140.0
224.62229919433594 220.90342712402344 252.0 140.0
224.7040557861328 221.2781982421875 252.0 140.0
224.59854125976562 220.96673583984375 252.0 140.0
224.15628051757812 220.4286651611328 252.0 140.0
223.80572509765625 220.6719207763672 252.0 140.0
225.2978057861328 221.2270050048828 252.0 140.0
225.3036346435547 221.3461151123047 252.0 140.0
226.009033203125 221.8994140625 252.0 140.0
226.39553833007812 221.5653533935547 252.0 140.0
225.5066680908203 221.3462677001953 252.0 140.0
225.70962524414062 221.37132263183594 252.0 140.0
226.20164489746094 221.48074340820312 252.0 140.0
225.82371520996094 221.31033325195312 252.0 140.0
226.26217651367188 222.15171813964844 252.0 140.0
226.19723510742188 222.0816192626953 252.0 140.0
226.90737915039062 222.1123504638672 252.0 140.0
227.02879333496094 223.00949096679688 252.0 140.0
226.840576171875 222.4225311279297 252.0 140.0
227.35752868652344 222.38751220703125 252.0 140.0
226.77734375 222.17303466796875 252.0 140.0
226.66575622558594 221.8065185546875 252.0 140.0
227.00450134277344 222.74276733398438 252.0 140.0
226.90003967285156 222.6534881591797 252.0 140.0
227.42510986328125 223.27989196777344 252.0 140.0
227.67601013183594 223.21597290039062 252.0 140.0
227.53977966308594 223.16000366210938 252.0 140.0
227.09913635253906 223.10548400878906 252.0 140.0
227.29273986816406 222.91433715820312 252.0 140.0
227.07403564453125 223.1099853515625 252.0 140.0
230.30227661132812 226.20301818847656 252.0 140.0
230.0408935546875 226.0855255126953 252.0 140.0
230.1859130859375 226.51791381835938 252.0 140.0
230.6436309814453 227.10243225097656 252.0 140.0
229.6982421875 226.47998046875 252.0 140.0
229.93394470214844 226.5217742919922 252.0 140.0
229.8267059326172 226.78541564941406 252.0 140.0
229.669921875 226.68553161621094 252.0 140.0
230.4479522705078 226.68435668945312 252.0 140.0
230.97048950195312 227.4892120361328 252.0 140.0
231.38345336914062 227.18817138671875 252.0 140.0
231.9702606201172 227.88304138183594 252.0 140.0
231.91641235351562 227.87513732910156 252.0 140.0
231.85986328125 227.941162109375 252.0 140.0
232.1769561767578 228.4918212890625 252.0 140.0
232.0341033935547 228.1026153564453 252.0 140.0
232.12982177734375 228.0890350341797 252.0 140.0
232.6396026611328 228.76467895507812 252.0 140.0
232.3922119140625 228.46585083007812 252.0 140.0
231.95509338378906 227.96812438964844 252.0 140.0
231.97076416015625 227.88633728027344 252.0 140.0
231.83792114257812 227.84088134765625 252.0 140.0
232.01315307617188 227.95787048339844 252.0 140.0
232.4966583251953 228.480712890625 252.0 140.0
232.60897827148438 228.40542602539062 252.0 140.0
232.29286193847656 227.90206909179688 252.0 140.0
233.02963256835938 228.70458984375 252.0 140.0
232.54214477539062 228.4464874267578 252.0 140.0
232.32330322265625 228.5217742919922 252.0 140.0
231.77256774902344 227.60711669921875 252.0 140.0
232.4552001953125 228.71385192871094 252.0 140.0
231.7342529296875 228.21926879882812 252.0 140.0
231.127685546875 227.6249542236328 252.0 140.0
232.03395080566406 227.81723022460938 252.0 140.0
231.8642578125 227.62599182128906 252.0 140.0
231.7669677734375 228.1572265625 252.0 140.0
232.5110626220703 228.2234649658203 252.0 140.0
232.10194396972656 227.98040771484375 252.0 140.0
231.73153686523438 228.01483154296875 252.0 140.0
232.60020446777344 228.56398010253906 252.0 140.0
233.3511505126953 229.2721405029297 252.0 140.0
233.70445251464844 229.31443786621094 252.0 140.0
233.9776611328125 229.7061767578125 252.0 140.0
233.6952362060547 229.34434509277344 252.0 140.0
233.3109130859375 228.89859008789062 252.0 140.0
233.3566436767578 229.44863891601562 252.0 140.0
233.38233947753906 228.99588012695312 252.0 140.0
233.4706573486328 229.3792724609375 252.0 140.0
233.54270935058594 229.59783935546875 252.0 140.0
233.3582763671875 229.26727294921875 252.0 140.0
233.2702178955078 229.1246337890625 252.0 140.0
233.39566040039062 229.0150604248047 252.0 140.0
233.0943145751953 228.76234436035156 252.0 140.0
233.00096130371094 228.59324645996094 252.0 140.0
232.73843383789062 228.4763946533203 252.0 140.0
233.22930908203125 228.37904357910156 252.0 140.0
233.16920471191406 228.53424072265625 252.0 140.0
232.38406372070312 228.1524200439453 252.0 140.0
232.50106811523438 228.2628631591797 252.0 140.0
232.86026000976562 228.56460571289062 252.0 140.0
237.2670135498047 232.08346557617188 252.0 140.0
236.90020751953125 232.11993408203125 252.0 140.0
237.1549530029297 232.08572387695312 252.0 140.0
237.62802124023438 232.6397705078125 252.0 140.0
237.36520385742188 232.35110473632812 252.0 140.0
237.25950622558594 232.33599853515625 252.0 140.0
237.16941833496094 231.77780151367188 252.0 140.0
237.16094970703125 231.94142150878906 252.0 140.0
237.23388671875 232.0526885986328 252.0 140.0
236.8380889892578 231.7751922607422 252.0 140.0
236.51824951171875 231.38917541503906 252.0 140.0
236.88327026367188 231.68515014648438 252.0 140.0
236.0225372314453 231.08131408691406 252.0 140.0
236.07069396972656 230.70217895507812 252.0 140.0
236.35763549804688 231.10842895507812 252.0 140.0
236.5996551513672 231.37994384765625 252.0 140.0
236.4159393310547 231.0572052001953 252.0 140.0
236.15032958984375 231.0660400390625 252.0 140.0
236.50559997558594 231.37152099609375 252.0 140.0
236.47943115234375 231.46897888183594 252.0 140.0
236.63864135742188 231.41677856445312 252.0 140.0
236.6145782470703 231.48727416992188 252.0 140.0
236.74444580078125 231.5141143798828 252.0 140.0
236.86297607421875 231.61033630371094 252.0 140.0
236.7733154296875 231.40879821777344 252.0 140.0
237.26455688476562 232.02468872070312 252.0 140.0
236.743408203125 231.52374267578125 252.0 140.0
237.27886962890625 231.88818359375 252.0 140.0
237.00453186035156 231.61534118652344 252.0 140.0
237.88026428222656 232.18760681152344 252.0 140.0
237.92990112304688 231.9132537841797 252.0 140.0
237.3634796142578 231.39271545410156 252.0 140.0
237.16571044921875 231.6651611328125 252.0 140.0
237.23080444335938 231.73292541503906 252.0 140.0
237.2126922607422 231.73548889160156 252.0 140.0
237.3256378173828 231.9049835205078 252.0 140.0
237.14581298828125 231.77166748046875 252.0 140.0
236.96632385253906 231.52247619628906 252.0 140.0
237.2852020263672 231.86830139160156 252.0 140.0
237.22756958007812 231.8339080810547 252.0 140.0
237.34637451171875 231.88441467285156 252.0 140.0
237.2462921142578 231.7274627685547 252.0 140.0
237.31968688964844 231.8367156982422 252.0 140.0
237.25352478027344 231.91017150878906 252.0 140.0
237.4549560546875 231.927978515625 252.0 140.0
237.268310546875 232.08168029785156 252.0 140.0
237.30670166015625 231.92257690429688 252.0 140.0
237.2696075439453 231.87228393554688 252.0 140.0
236.967529296875 231.68096923828125 252.0 140.0
237.03868103027344 231.5455322265625 252.0 140.0
237.3358917236328 231.8704376220703 252.0 140.0
237.02426147460938 231.3717041015625 252.0 140.0
237.4486846923828 231.86984252929688 252.0 140.0
237.50611877441406 232.21946716308594 252.0 140.0
237.05311584472656 232.0699005126953 252.0 140.0
237.2764892578125 231.8842010498047 252.0 140.0
236.88804626464844 231.58872985839844 252.0 140.0
237.46749877929688 232.15640258789062 252.0 140.0
238.14181518554688 232.62039184570312 252.0 140.0
238.221435546875 232.76441955566406 252.0 140.0
233.60174560546875 229.7528076171875 252.0 140.0
233.0644989013672 229.45132446289062 252.0 140.0
233.27821350097656 229.57778930664062 252.0 140.0
233.2156982421875 228.82662963867188 252.0 140.0
233.27536010742188 229.07394409179688 252.0 140.0
233.1449432373047 228.8568115234375 252.0 140.0
233.33802795410156 229.21563720703125 252.0 140.0
233.36029052734375 229.25534057617188 252.0 140.0
233.35325622558594 228.90347290039062 252.0 140.0
233.28860473632812 228.74549865722656 252.0 140.0
233.19329833984375 228.9208221435547 252.0 140.0
233.2985076904297 228.74375915527344 252.0 140.0
233.35520935058594 228.96575927734375 252.0 140.0
233.12611389160156 228.7279815673828 252.0 140.0
233.31898498535156 229.17990112304688 252.0 140.0
233.4134521484375 229.06954956054688 252.0 140.0
233.32864379882812 229.06503295898438 252.0 140.0
233.45843505859375 229.11000061035156 252.0 140.0
233.45054626464844 229.1871337890625 252.0 140.0
233.49078369140625 229.20724487304688 252.0 140.0
233.3936767578125 229.20664978027344 252.0 140.0
233.3693084716797 229.23464965820312 252.0 140.0
233.4858856201172 229.1688995361328 252.0 140.0
233.29336547851562 229.15682983398438 252.0 140.0
233.5666046142578 229.0360565185547 252.0 140.0
234.13992309570312 229.347900390625 252.0 140.0
233.7617645263672 228.90367126464844 252.0 140.0
234.09808349609375 229.53549194335938 252.0 140.0
234.08274841308594 229.67803955078125 252.0 140.0
233.7561798095703 229.6470489501953 252.0 140.0
233.76600646972656 229.54881286621094 252.0 140.0
232.84466552734375 228.3319549560547 252.0 140.0
233.2054443359375 228.68797302246094 252.0 140.0
233.13775634765625 228.51329040527344 252.0 140.0
233.12677001953125 228.68841552734375 252.0 140.0
233.02435302734375 228.5873260498047 252.0 140.0
233.13641357421875 228.6184844970703 252.0 140.0
232.69174194335938 228.22479248046875 252.0 140.0
232.52989196777344 228.17019653320312 252.0 140.0
232.29144287109375 227.82058715820312 252.0 140.0
231.96971130371094 227.24673461914062 252.0 140.0
231.89576721191406 227.6071014404297 252.0 140.0
231.89491271972656 227.63014221191406 252.0 140.0
232.1508026123047 227.81333923339844 252.0 140.0
232.2062225341797 228.00184631347656 252.0 140.0
232.58460998535156 228.07058715820312 252.0 140.0
232.57659912109375 228.09567260742188 252.0 140.0
232.442626953125 228.01513671875 252.0 140.0
232.49295043945312 228.0363006591797 252.0 140.0
232.5607452392578 228.12191772460938 252.0 140.0
232.46697998046875 228.05520629882812 252.0 140.0
232.47874450683594 228.00119018554688 252.0 140.0
232.47682189941406 228.0364227294922 252.0 140.0
232.29519653320312 227.9955291748047 252.0 140.0
232.1917266845703 227.8837890625 252.0 140.0
232.2547149658203 227.8923797607422 252.0 140.0
232.28041076660156 227.90524291992188 252.0 140.0
232.25146484375 227.92225646972656 252.0 140.0
232.4324951171875 227.965576171875 252.0 140.0
232.26754760742188 227.99349975585938 252.0 140.0
232.19757080078125 227.82655334472656 252.0 140.0
232.27352905273438 227.92001342773438 252.0 140.0
232.07440185546875 227.78585815429688 252.0 140.0
232.33636474609375 227.8197479248047 252.0 140.0
232.09222412109375 227.51795959472656 252.0 140.0
231.99227905273438 227.5469970703125 252.0 140.0
232.6905059814453 228.2010498046875 252.0 140.0
232.38558959960938 227.7451934814453 252.0 140.0
232.25381469726562 227.99893188476562 252.0 140.0
232.4538116455078 228.2588653564453 252.0 140.0
232.22613525390625 228.0523223876953 252.0 140.0
232.50572204589844 228.30157470703125 252.0 140.0
232.7201385498047 228.49554443359375 252.0 140.0
232.9564971923828 228.74591064453125 252.0 140.0
233.2042236328125 228.61260986328125 252.0 140.0
233.39602661132812 229.38536071777344 252.0 140.0
233.85812377929688 229.25469970703125 252.0 140.0
233.74459838867188 229.1644287109375 252.0 140.0
233.80052185058594 229.3786163330078 252.0 140.0
233.8284912109375 229.47398376464844 252.0 140.0
233.69602966308594 229.447021484375 252.0 140.0
234.02935791015625 229.8239288330078 252.0 140.0
234.07315063476562 230.13360595703125 252.0 140.0
234.40573120117188 230.17758178710938 252.0 140.0
234.711669921875 230.2190704345703 252.0 140.0
234.5366668701172 230.03199768066406 252.0 140.0
234.36119079589844 230.2633514404297 252.0 140.0
234.51339721679688 230.22695922851562 252.0 140.0
234.63778686523438 230.5200653076172 252.0 140.0
234.68653869628906 230.56353759765625 252.0 140.0
234.58358764648438 230.3447723388672 252.0 140.0
234.8612823486328 230.60903930664062 252.0 140.0
234.87391662597656 230.72042846679688 252.0 140.0
235.02381896972656 230.65545654296875 252.0 140.0
235.61761474609375 231.1107940673828 252.0 140.0
235.9612274169922 231.2416229248047 252.0 140.0
235.75221252441406 230.963134765625 252.0 140.0
236.58050537109375 231.18643188476562 252.0 140.0
235.39813232421875 231.02685546875 252.0 140.0
235.37269592285156 230.85107421875 252.0 140.0
235.24598693847656 230.8081817626953 252.0 140.0
235.81690979003906 231.04483032226562 252.0 140.0
234.93685913085938 230.9379425048828 252.0 140.0
235.52987670898438 231.07176208496094 252.0 140.0
235.28411865234375 231.2246856689453 252.0 140.0
235.3245086669922 231.53492736816406 252.0 140.0
235.47457885742188 231.27944946289062 252.0 140.0
235.56436157226562 231.3828887939453 252.0 140.0
235.79086303710938 231.6041717529297 252.0 140.0
235.87420654296875 231.4634552001953 252.0 140.0
236.58197021484375 231.8040008544922 252.0 140.0
236.02511596679688 231.39476013183594 252.0 140.0
236.4967041015625 231.74403381347656 252.0 140.0
235.7744598388672 231.19888305664062 252.0 140.0
235.6333465576172 231.1830291748047 252.0 140.0
235.47830200195312 231.18443298339844 252.0 140.0
236.0516815185547 231.79168701171875 252.0 140.0
235.7518310546875 231.5352020263672 252.0 140.0
235.9552001953125 231.81179809570312 252.0 140.0
235.9838104248047 231.74903869628906 252.0 140.0
