-0.5087371490822065 -0.009318714806578126 -0.8608713970260491 0.19748854380682912 -0.09758281313802998 0.9941214264283881 0.046906045255047504 0.4107833749209125 0.8553735554878187 0.10786910497772409 -0.5066558217705771 -3.304859420152534 0.0 0.0 0.0 1.0
-0.5102957940502532 -0.008655294257277991 -0.8599554546620173 0.2114175768643477 -0.09752653643139023 0.9940811740184733 0.04786679631666869 0.4186021519194032 0.8544512797554829 0.10829469635392765 -0.5081195994452843 -3.333478183696895 0.0 0.0 0.0 1.0
-0.5081775650633122 -0.008423580545675104 -0.8612111605750895 0.17379676954615925 -0.09621396937054408 0.9942481407379342 0.04704844053027628 0.41847403989484466 0.8558612892797617 0.106769505538829 -0.5060650496074454 -3.3150469461274774 0.0 0.0 0.0 1.0
-0.508295793777004 -0.008924934026565122 -0.8611361693796915 0.19849520520316333 -0.09675926246731764 0.99420648866214 0.04680921376481428 0.41298693887112164 0.85572948205866 0.10711584578283956 -0.50621457239742 -3.2970226574514765 0.0 0.0 0.0 1.0
-0.5078902206211913 -0.009555563779783359 -0.8613688988649686 0.18727071665683342 -0.09739406886535901 0.9941637596399056 0.046397879321472615 0.41466346227185663 0.855898430375952 0.10745724905717499 -0.5058566915754268 -3.295856565442222 0.0 0.0 0.0 1.0
-0.5056628651892456 -0.009901034781071537 -0.8626742564263578 0.18365372609282388 -0.09704581167770908 0.9942405549239474 0.045473082237616994 0.4167007333681686 0.8572555454789146 0.10671298464786526 -0.5037113670314193 -3.285506377894543 0.0 0.0 0.0 1.0
-0.5029363634113811 -0.0091457505818427 -0.8642749515843419 0.1808183090308814 -0.09845387841342763 0.9940418124583064 0.04677306090407571 0.41179131119979084 0.8586976926677858 0.10861510710662725 -0.5008401036288647 -3.3049538529358005 0.0 0.0 0.0 1.0
-0.5058408815402372 -0.009031054161464503 -0.8625795925894623 0.19878854066919407 -0.09775826179784221 0.9941035080334184 0.046920095963594054 0.42197276027502245 0.8570696798583509 0.1080583752054753 -0.5037410029933251 -3.360771788018423 0.0 0.0 0.0 1.0
-0.5101323572255633 -0.009753364266145426 -0.8600407705796868 0.20006985963057233 -0.09633431930481863 0.9942917582753942 0.04586474968936672 0.41761452140451966 0.8546840897704315 0.10624852061977944 -0.508159938193396 -3.325583881693074 0.0 0.0 0.0 1.0
-0.5122358705966169 -0.008486300138083958 -0.8588028501945114 0.2032822250132324 -0.09682459032004866 0.994146857482737 0.04792764578466818 0.4121158347203684 0.8533694731559697 0.10770348909645185 -0.5100593622802786 -3.3506061384414685 0.0 0.0 0.0 1.0
-0.512174100859537 -0.008153737897598995 -0.8588428361144528 0.20244167653646356 -0.0952857576942264 0.9943215438022243 0.04738406465989308 0.41350978410869654 0.8535795623014308 0.10610439339420633 -0.5100427373035828 -3.3394910158022086 0.0 0.0 0.0 1.0
-0.5102156516328192 -0.008785597953467915 -0.8600015707564447 0.1755944689951495 -0.09647578651068943 0.9942212568645786 0.04707972320970916 0.4232410341239492 0.8546181315285247 0.10699014449428808 -0.5081148677634344 -3.374124465929402 0.0 0.0 0.0 1.0
-0.5079877773157145 -0.008696532016445307 -0.861320526924124 0.1559147697222846 -0.09568917270967595 0.9943293995212442 0.04639585770776679 0.4139842794802066 0.8560328455502496 0.10598756360685715 -0.5059393149668204 -3.3027269509095873 0.0 0.0 0.0 1.0
-0.5150504792102762 -0.009575201341482991 -0.8571063814759999 0.2138945304871391 -0.09643242515202022 0.9942367437328421 0.04684079681092986 0.4007524525425065 0.8517181343999416 0.10677822509290587 -0.5130053916456 -3.3116874211601623 0.0 0.0 0.0 1.0
-0.5051805193859052 -0.0084557382537742 -0.8629723694614521 0.21494344751591604 -0.0952203382442246 0.9943928876987692 0.04599815060286869 0.4182359043912428 0.8577446899633232 0.10540988268945437 -0.5031531623940357 -3.317830269960861 0.0 0.0 0.0 1.0
-0.50868400690769 -0.010443192266748176 -0.8608898566065375 0.20612963030095102 -0.09787209576991474 0.9941459110831461 0.045771163309929475 0.4352848269525777 0.8553720967051862 0.107540169939998 -0.5067282829061928 -3.4342698784847743 0.0 0.0 0.0 1.0
-0.511222357190014 -0.01036754861209583 -0.8593860537505646 0.217118407039559 -0.09690853392442263 0.9942456818680777 0.04565342539619126 0.4269630779924327 0.853967566619595 0.10662088834377857 -0.5092854582086509 -3.4346619542885493 0.0 0.0 0.0 1.0
-0.5086223197818733 -0.010056872644200575 -0.860930777977555 0.21033365882688113 -0.09504666523602721 0.9944761098364449 0.04453500646892319 0.43451648334697635 0.8557271479332487 0.10448011236959216 -0.5067687535264305 -3.465669087271799 0.0 0.0 0.0 1.0
-0.509785343196266 -0.010205966317079913 -0.8602410338261371 0.21189926667225706 -0.09658329812581791 0.9942871302032054 0.045439701207787654 0.42211974633622695 0.8548628803388776 0.10624941388852437 -0.5078587817247859 -3.4422761099877466 0.0 0.0 0.0 1.0
-0.5136554267714337 -0.010251544522904535 -0.8579353382342304 0.2110652057407391 -0.09605896816641156 0.9943291851811255 0.04563023281557667 0.42265358196412794 0.8526024236898166 0.10585059160982167 -0.5117272298200028 -3.424323689440943 0.0 0.0 0.0 1.0
-0.5104036483917418 -0.009835778450425527 -0.8598787434216998 0.1876045614712999 -0.09577161470084673 0.99436409758077 0.04547367126310592 0.4220278492676736 0.8545852967050402 0.10556189987456784 -0.5084690944974746 -3.4094436776239294 0.0 0.0 0.0 1.0
-0.5102658637563838 -0.009593403638664908 -0.8599631946867837 0.20348413003455482 -0.09689803851560183 0.9942119485551164 0.046404184801105336 0.42480049524453933 0.8545405557921513 0.10700721837921875 -0.5082419646501275 -3.451312814029991 0.0 0.0 0.0 1.0
-0.5111560627155931 -0.010483222580260331 -0.859424159670083 0.2107574665815611 -0.09513450589582138 0.9944714325966287 0.04445220626072711 0.43406646568334173 0.8542067589725103 0.10448289124081687 -0.5093273253297039 -3.4041017379841083 0.0 0.0 0.0 1.0
-0.5097411948893172 -0.00934815223799111 -0.8602770297457346 0.21240544291302912 -0.0956957007926415 0.9943519157771772 0.04589763583844113 0.43258170213090213 0.8549890909725737 0.10572072486679454 -0.5077565901638745 -3.382364153527261 0.0 0.0 0.0 1.0
-0.5122444052401686 -0.008899399822903869 -0.8587935159805976 0.22349023142914085 -0.09566207318867066 0.9943152001290126 0.04675577101119164 0.43308076662861505 0.8534953319548989 0.10610436019556493 -0.5101836857959181 -3.4083695280033757 0.0 0.0 0.0 1.0
-0.5096670673160877 -0.009931698241468641 -0.8603143479145325 0.2231345000076659 -0.09763950857197459 0.9941411467755948 0.046366931090856066 0.43381588898772294 0.8548134168255609 0.10763237088723952 -0.5076508229644077 -3.4302805889577908 0.0 0.0 0.0 1.0
-0.5099776559355723 -0.008482207088767627 -0.8601459616425478 0.22377782115805483 -0.09523574633522351 0.9943606458353733 0.04665919032960218 0.4256504495678595 0.8548995241601585 0.10571177254885267 -0.5079094191998519 -3.3890129726259826 0.0 0.0 0.0 1.0
-0.5084385917985625 -0.008639650053533133 -0.8610549921009165 0.23599546194388213 -0.09685985871669354 0.9941773131471981 0.04721875174843141 0.42677603934841196 0.855633441538997 0.1074094935299827 -0.5063149139579439 -3.4125654337064764 0.0 0.0 0.0 1.0
-0.5079650976911173 -0.008954568101676904 -0.861331054261039 0.24502265055690706 -0.0972865567760815 0.994144178898139 0.047038875418659115 0.4262900923821026 0.8558660771592305 0.1076900322297247 -0.5058616498405396 -3.3851126055236573 0.0 0.0 0.0 1.0
-0.5141728682068674 -0.013765627331928338 -0.8575759727880932 0.0594047273395992 -0.09424656332054433 0.9947231150258862 0.04053990411013575 0.38562925694192807 0.8524926623356801 0.10166811362387379 -0.5127571126865361 -3.2245680693946093 0.0 0.0 0.0 1.0
-0.5165500501126272 -0.0210433163902728 -0.8559984118015019 0.021610024166066003 -0.09691015205348824 0.9947112875490938 0.03402683520471084 0.35323299998583557 0.850755245163575 0.10053149371430589 -0.5158575360232013 -3.105811681692678 0.0 0.0 0.0 1.0
-0.5020357319074769 -0.02786097517846681 -0.864398049173475 -0.11782153021324933 -0.11532100441153939 0.9927121583830635 0.03498078574545157 0.3408659729963629 0.8571238540393934 0.11724485229660415 -0.5015898445001297 -3.1460725852154225 0.0 0.0 0.0 1.0
-0.5121731802393074 -0.011652530132120658 -0.8588032225088232 -0.21728810926932354 -0.09979237529196275 0.9939431217644837 0.04602802793147577 0.37711736555801456 0.8530652606372876 0.1092763370649086 -0.5102337899936277 -3.423808139616883 0.0 0.0 0.0 1.0
-0.4904739879928854 -0.0261057921426998 -0.8710646687617749 -0.6005371029008051 -0.1033423634054489 0.9942405543428696 0.0283920401597271 0.3109737531109758 0.8653065947813194 0.1039434358571899 -0.4903468818622852 -3.3024487589897498 0.0 0.0 0.0 1.0
-0.41729011232436936 -0.01729681334337084 -0.9086087486239396 -0.6704767294188638 -0.1065631185730325 0.9938526431159435 0.030020905657336727 0.32186681884208324 0.9025039346450218 0.10935159569936578 -0.41656809298775993 -3.3945245925748893 0.0 0.0 0.0 1.0
-0.3619934583455339 -0.016964455826915383 -0.9320262568826425 -0.9700508019198826 -0.09231567196922429 0.9955718698736079 0.017733769617940025 0.28143879374414027 0.9275982549805226 0.09246013780579818 -0.36195654893216744 -3.155310986558446 0.0 0.0 0.0 1.0
-0.3696128283936762 -0.005889417115070653 -0.929167132910254 -1.4088752689921307 -0.08737352124268362 0.9957694271281481 0.028444700728374798 0.2482153499306982 0.9250686970816382 0.09169813956140019 -0.36856380424469065 -3.0867017849837133 0.0 0.0 0.0 1.0
-0.37748215389760914 -0.0054010567270446055 -0.9260010755802563 -1.5791139797573766 -0.09214139086202881 0.9952394006384887 0.03175631849275224 0.2746483129773895 0.9214212750681628 0.09731047023468047 -0.3761827879134755 -3.3401812517468406 0.0 0.0 0.0 1.0
-0.3838875149149091 -0.01504354166625015 -0.9232573802558685 -1.6728650446464448 -0.08369965949053894 0.9963179940963733 0.01856806617864075 0.23523579705064984 0.919578627077566 0.0844043794408979 -0.38373311646130687 -3.2023570302429842 0.0 0.0 0.0 1.0
-0.38961440800709884 -0.011695360979002579 -0.9209037904627655 -1.7601246961173442 -0.08282347899207806 0.9963127257926033 0.022387768382730107 0.2195586071655343 0.9172464051718672 0.08499505626369339 -0.3891463795657998 -3.095146966755242 0.0 0.0 0.0 1.0
-0.38178334567471534 -0.014447610534482453 -0.9241389773516288 -1.7475518133360588 -0.0873226629938826 0.9959690136617405 0.020504456972894457 0.2266682166224174 0.920117560146966 0.08852653636902662 -0.38150592348140755 -3.168171796685712 0.0 0.0 0.0 1.0
-0.3807063592249923 -0.01618614140715995 -0.9245542481479873 -1.7649684233971015 -0.08898689327532652 0.9958475552552111 0.01920811936535556 0.231465045152155 0.9204042342504174 0.08958586862762154 -0.3805659021056872 -3.1961498216578237 0.0 0.0 0.0 1.0
-0.38735404235240556 -0.02005346799197061 -0.921712963320163 -1.7817225006621829 -0.08240870608434923 0.996514470290888 0.012951717429355936 0.2374918846601101 0.9182406128966816 0.08097406995499432 -0.3876563699940867 -3.1615658064443624 0.0 0.0 0.0 1.0
-0.3796609379978965 -0.018205147116429055 -0.9249466285880567 -1.7598775737199275 -0.083561327020526 0.9963943768468982 0.014687831724942936 0.23512616087012625 0.9213442853958222 0.08286615894428731 -0.3798133794044485 -3.205473563532026 0.0 0.0 0.0 1.0
-0.38168190660634316 -0.018447713467059864 -0.9241096719447013 -1.8369442820048922 -0.08646915125851963 0.9961287565269943 0.015828646655951167 0.22096450636914558 0.9202402125572549 0.08594847840072242 -0.38179953162619573 -3.1240618394836854 0.0 0.0 0.0 1.0
-0.3549482109268071 -0.01585010682805435 -0.9347516352606926 -1.7252826592051307 -0.08465514767883875 0.996293600321135 0.015252008626892436 0.22347662150216868 0.9310453016195273 0.08454520610849749 -0.354974390835045 -3.2476041570784635 0.0 0.0 0.0 1.0
-0.3279632722388139 -0.012074340152878373 -0.9446132514722856 -1.7574589991067824 -0.08416811593292774 0.9963151351910668 0.01648739021539829 0.20232020471862552 0.9409334733124897 0.084913575152887 -0.3277711199689331 -3.103350109046756 0.0 0.0 0.0 1.0
-0.25309009084003936 -0.0064068770944666585 -0.9674214253660198 -1.6589837223400414 -0.08065394344284002 0.996636697759544 0.014499759577756151 0.184325776234639 0.9640748399637271 0.08169610272487096 -0.2527555136285726 -3.2116757493428274 0.0 0.0 0.0 1.0
-0.20577668371917468 -0.004504867297955837 -0.9785886572463183 -1.4701469220317183 -0.0799679546916386 0.9967224200550159 0.012227234054886321 0.18196926560568563 0.9753262469887485 0.0807717993311394 -0.20546239946977599 -3.2594139183347837 0.0 0.0 0.0 1.0
-0.12893015021159626 0.0013106944110845284 -0.9916527090335983 -1.3491846281340407 -0.077637539907441 0.9969163210441606 0.01141173416657998 0.16844476403842523 0.988609714571192 0.07846080296276449 -0.12843084519140976 -3.209084690703809 0.0 0.0 0.0 1.0
-0.042541922097440336 0.0034583261580268965 -0.9990886327442653 -1.2688245490466283 -0.06395052160539977 0.9979339777586459 0.006177388945735025 0.16382114422870858 0.997045857158379 0.06415504237883692 -0.04223280149063907 -3.3535642377935115 0.0 0.0 0.0 1.0
-0.0149716933977241 0.009075339149688716 -0.9998467061162855 -1.295832802557617 -0.0621041601058005 0.99801968235291 0.009988699863801099 0.16286348124235084 0.9979574000817281 0.062244188864307055 -0.014378468417989936 -3.4085630644515796 0.0 0.0 0.0 1.0
0.033983360022362456 0.013902863153412225 -0.9993256926237767 -1.1138098652364061 -0.057993241530790704 0.998245888120521 0.011915702155760767 0.1274741340682056 0.997738497392588 0.05754919881617629 0.034730073180627055 -3.299153755017849 0.0 0.0 0.0 1.0
0.11338640411270481 0.016666728038170122 -0.993411215177936 -1.14496461948037 -0.050588316086230815 0.9986591953360526 0.010980707182705966 0.13568340354838002 0.9922622959112515 0.04900994259650654 0.11407746070801708 -3.4687161634574157 0.0 0.0 0.0 1.0
0.1666484063869542 0.016438592922754444 -0.9858794987906008 -1.046465877341647 -0.053203984821370516 0.9985543336293148 0.007656573812639747 0.13851206708469294 0.9845799982457771 0.051176752806645645 0.16728216228663464 -3.481422644589917 0.0 0.0 0.0 1.0
0.16788123031535898 0.01719912449589314 -0.9856572771071591 -1.1457633895567962 -0.04963850114915966 0.9987269280563759 0.008972547402229221 0.12922088479575528 0.9845567483650561 0.04742022158955259 0.1685212292804048 -3.45479245133587 0.0 0.0 0.0 1.0
0.16282305244452502 0.017182989438684324 -0.9865056784947889 -1.1812951118121666 -0.04865124040961173 0.9987719068158589 0.009366743094508936 0.12342695166352378 0.9854550649798357 0.046469602164755035 0.16345903489439667 -3.441842539862111 0.0 0.0 0.0 1.0
0.16552221701281003 0.018136707241198903 -0.9860392130316423 -1.175828056204972 -0.047433693606837336 0.9988201730652233 0.010409304199780497 0.11841468169404364 0.9850646914165917 0.045048515156723014 0.1661872073021067 -3.4530342371098937 0.0 0.0 0.0 1.0
0.18774050108253607 0.018630080718760104 -0.9820419777420869 -1.1415164000635576 -0.046603404625569965 0.9988629902193554 0.010039844758381504 0.12911524964445897 0.9811124660909749 0.043881608344391476 0.18839527826722605 -3.4260640414075616 0.0 0.0 0.0 1.0
0.2338340492962749 0.019621664585988796 -0.9720784612890161 -1.188741949520327 -0.04594632208229133 0.9989023453946408 0.009110697036533524 0.11681055059989139 0.9711902449815327 0.042533038992426275 0.23447888387260846 -3.4084220571394988 0.0 0.0 0.0 1.0
0.3666089914324571 0.017325281563318293 -0.9302131486218184 -1.5377211747401025 -0.04664466937179697 0.9989110407192954 0.0002215295525121602 0.10785589521704134 0.9292050825795021 0.043308295290485854 0.3670180800598427 -4.460757238820476 0.0 0.0 0.0 1.0
0.40328076338813523 0.020717293204196092 -0.9148410883150523 -1.5254367309726333 -0.049291091345058026 0.9987836001981654 0.000889721311684281 0.10768965886078168 0.9137476846047682 0.04473473509381693 0.4038116602393512 -4.502362196729586 0.0 0.0 0.0 1.0
0.4539486360484175 0.02185426221984337 -0.8907591580642392 -1.547604291370732 -0.04521084143922865 0.9989759223990093 0.0014689597799533896 0.1113587202353999 0.8898800640998418 0.039605159028062685 0.4544721242401915 -4.437865773370312 0.0 0.0 0.0 1.0
0.5092861290972983 0.024544878960037445 -0.8602465443120247 -1.515069046569657 -0.04091317435501539 0.9991530207636812 0.004286658856683282 0.109488834094712 0.8596240945148816 0.03301229133739385 0.5098593820791174 -4.574809011496207 0.0 0.0 0.0 1.0
0.5734513255324241 0.022715588728314886 -0.8189240066835491 -1.5957835812791104 -0.04231917893290342 0.9991017915006257 -0.0019205614671198917 0.11085714964280399 0.8181457825115312 0.03575754864864047 0.5738980525711223 -4.5315593225219635 0.0 0.0 0.0 1.0
0.6388970752175471 0.017965673710916265 -0.7690817005083073 -1.6741893318177068 -0.034965187446421624 0.9993717829392136 -0.005701294346710518 0.13749107626678425 0.7684970731669878 0.0305336351908054 0.6391244169735163 -4.531174826738514 0.0 0.0 0.0 1.0
0.6761662897074193 0.017224422027228417 -0.736546932086123 -1.6817032015321138 -0.03234439967486069 0.9994563376358883 -0.006320205834630404 0.13785492457866225 0.7360384353565858 0.028096682637337844 0.6763563760949305 -4.569495107506841 0.0 0.0 0.0 1.0
0.7190530326793334 0.02523577474123989 -0.6944960816868351 -1.728065639336523 -0.03850035790093145 0.999251788455809 -0.003552066916617365 0.15003842159811198 0.6938876577118536 0.029292478498438187 0.7194871811023202 -4.564541905845841 0.0 0.0 0.0 1.0
0.7634943452264938 0.03296377696714807 -0.6449718682706285 -1.7920428841514413 -0.04468969878556562 0.9989987532908362 -0.001844347898270858 0.13475511313537664 0.6442660149319992 0.030231759935058077 0.7642036589387146 -4.579455738601451 0.0 0.0 0.0 1.0
0.8120036236514595 0.02981226161267872 -0.5828896203960278 -1.8732086545778974 -0.042248019942832525 0.9990765815206113 -0.007755842847332707 0.16628055668536357 0.5821209006278452 0.03092371526526197 0.8125140246411796 -4.632399364974772 0.0 0.0 0.0 1.0
0.8501763545408632 0.031408804066492484 -0.525559207870595 -1.7668030314285337 -0.039250999130138256 0.9992217633344168 -0.0037786499807357164 0.15898221269152912 0.5250322175406904 0.023841246402007 0.850748363515826 -4.605377006811221 0.0 0.0 0.0 1.0
0.8813451983201361 0.02674851952214279 -0.4717139312818247 -1.7047448940447607 -0.03336738783559712 0.9994265711133355 -0.005670807270217713 0.17715983186061304 0.47129240133933403 0.020737799694361733 0.881733187092736 -4.615492861947482 0.0 0.0 0.0 1.0
0.9131928751548875 0.027565293052824538 -0.406592931453027 -1.785233401503891 -0.03428857163055344 0.9993686054324001 -0.009257862758038929 0.1664457563944255 0.4060815940959514 0.022395707120835245 0.913562326743023 -4.598028153432885 0.0 0.0 0.0 1.0
0.9418641709158471 0.027236263944721686 -0.33488651694825067 -1.7358692637797397 -0.031378652053024786 0.9994828138591969 -0.006964269600805645 0.14987173774508483 0.3345241003029541 0.017067677236121404 0.9422325874916532 -4.668543806451872 0.0 0.0 0.0 1.0
0.9633481241481809 0.02154272642379747 -0.2673859976540945 -1.739523708210723 -0.023684102504091812 0.9997075430809615 -0.004785593059883538 0.16210532957643387 0.26720516039968806 0.0109429769091571 0.9635775387630815 -4.79743657385189 0.0 0.0 0.0 1.0
0.9806556436093725 0.01910162938820527 -0.19480383464323642 -1.7283305460654341 -0.019238244810333188 0.9998137196340098 0.0011908738611423719 0.1461105859537099 0.19479066746785179 0.002579824605844149 0.9808414631440312 -4.8759557618493234 0.0 0.0 0.0 1.0
0.9922680362201302 0.017419906298733655 -0.12288060578533638 -1.7393819422487546 -0.017258548229598585 0.9998477468073944 0.002377567523079602 0.16229896371752145 0.12290361976097428 -0.00023846733475004208 0.9924186026666177 -4.658157386175767 0.0 0.0 0.0 1.0
0.9982021393095479 0.014827918490541356 -0.05806461820389942 -1.681226226816482 -0.01469825044582296 0.9998879420390681 0.002659804676752469 0.15347142947858827 0.05809778433875295 -0.001801601190474149 0.9983092713584077 -4.619664708836894 0.0 0.0 0.0 1.0
0.9997968242831057 0.017384196952727166 0.010147291386585166 -1.6676111387282178 -0.017384799200082506 0.9998483625168121 -2.9884605610321027e-05 0.1528788697775249 -0.010146114176710517 -0.00014655466930535514 0.9999485211889472 -4.407199561434372 0.0 0.0 0.0 1.0
0.9995459888325309 0.01383081999830279 0.026748226959702196 -1.7453961559486741 -0.013989398104646344 0.9998851484189006 0.00575017173631763 0.1415625755180337 -0.026665478158734043 -0.006121783550903495 0.9996256732199397 -4.4090350541055905 0.0 0.0 0.0 1.0
0.9995990708737224 0.013754995491253716 0.024726632103564353 -1.7053865055761104 -0.013927115664956097 0.9998793982915242 0.006801867962725183 0.13789663929500606 -0.024629942848414473 -0.007143543627765427 0.9996711023164273 -4.41915880400671 0.0 0.0 0.0 1.0
0.99960960470584 0.01435537716535144 0.023947417418186297 -1.716169165405593 -0.014527107256074768 0.999869407324733 0.007012240946657076 0.1402803678880576 -0.023843471469530992 -0.007357422287058287 0.9996886008055687 -4.42787960280052 0.0 0.0 0.0 1.0
0.9995841768670907 0.01406859674461415 0.025147891610460413 -1.7213656079182613 -0.014252789932609113 0.9998723281131213 0.007159835248137274 0.13706557085816168 -0.025043810312294718 -0.0075153188450772165 0.999658091996655 -4.475602862746761 0.0 0.0 0.0 1.0
0.9996883207650871 0.01820376007017379 0.01705398155792988 -1.6537578048572208 -0.01822088062282168 0.9998331388605124 0.0008485036830369065 0.14878545130341247 -0.017035531054186606 -0.0011590030851560305 0.999854189436017 -4.380817858519579 0.0 0.0 0.0 1.0
0.9984031409805261 0.016815204648084527 0.05391970215167311 -1.7193141661508495 -0.016754241044941616 0.9998578943215783 -0.001582650729510642 0.164421949311562 -0.05393853618982088 0.0006767158280202726 0.9985440289953195 -4.2489561043572905 0.0 0.0 0.0 1.0
0.9933902782081926 0.014435870977803593 0.11386962674047596 -1.655398120026608 -0.014047693345453721 0.9998919719951425 -0.004210768266250413 0.15580509523156866 -0.11391803556129984 0.0025833083688595816 0.9934867579902015 -4.008743383302582 0.0 0.0 0.0 1.0
0.9809138766178058 0.020376944916974615 0.19336936151913503 -1.627218427496776 -0.019687936127739745 0.9997906370207295 -0.005484417610114408 0.16474877834249838 -0.1934406800316025 0.0015726750511944197 0.9811107231880112 -4.011686222992894 0.0 0.0 0.0 1.0
0.958308748042122 0.0018648156319105197 0.2857267261600875 -1.6578029733116557 -0.0033807969230951205 0.999982241077716 0.004812487312672986 0.13503603968419425 -0.2857127762195416 -0.005577865795187167 0.9582990778460048 -3.7223082913062906 0.0 0.0 0.0 1.0
0.9302495500345445 0.008090349176651324 0.3668368925722567 -1.4439858996724486 -0.009459703087838382 0.9999528756487077 0.0019352121831130264 0.13541390170750678 -0.3668041950437178 -0.005270429246783441 0.930283252953847 -3.418563064776338 0.0 0.0 0.0 1.0
0.8977730174568652 -0.014517915637852912 0.4402178885340543 -1.3963603637211968 0.005730255355667796 0.9997565746361715 0.02128469698109378 0.09542128639773909 -0.44042002317078416 -0.016586311913325182 0.8976386127526204 -3.506564420609283 0.0 0.0 0.0 1.0
0.879286865830017 0.008385593743348019 0.4762176732301837 -1.2983798070562669 -0.011938689855333152 0.9999184088705504 0.00443623820871091 0.10365565223558816 -0.4761418975244674 -0.00958617535566006 0.8793162462228682 -3.311266899961367 0.0 0.0 0.0 1.0
0.8824152401024273 0.0027750236813217457 0.47046212327209924 -1.1472654302174465 -0.008604760538990163 0.9999100287831011 0.010241397591777597 0.10278394588518411 -0.4703917633482424 -0.013085417937688856 0.8823607179964272 -3.096599021407931 0.0 0.0 0.0 1.0
0.8834147792920407 -0.0026662905380162418 0.4685832001348119 -0.9975360901024027 0.0019181699231286462 0.9999955248458435 0.002073764384287454 0.12160184701470372 -0.46858694308261295 -0.0009331995620493059 0.8834168615544937 -2.8089703941151503 0.0 0.0 0.0 1.0
0.8859728440541366 -0.019064159411419288 0.4633440141062893 -0.8928500305611834 0.014219195082363077 0.9998011397776687 0.013947604517047836 0.08569464863638739 -0.46351807590803806 -0.005768855103067785 0.8860687071529669 -2.6702722123767684 0.0 0.0 0.0 1.0
0.8893634835481 -0.0013565031655933864 0.45719761957407673 -0.8727052280239255 -0.001084079767676129 0.9999860456567794 0.005075740948766446 0.09677334397084733 -0.45719842135314187 -0.005009850241931682 0.8893505867157446 -2.3512838286286444 0.0 0.0 0.0 1.0
0.8896802958048462 -0.0014484282696298535 0.45658052216440564 -0.782081536947351 -0.0015634673576489897 0.9999789421446722 0.006218779962004926 0.11006030487175492 -0.4565802493322293 -0.006246607740448843 0.8896602747592954 -2.1789093103762065 0.0 0.0 0.0 1.0
0.8901258572071271 -0.012201553472514446 0.45555019233695027 -0.6487763424411557 0.00782776317108849 0.99990292390714 0.011486472467006192 0.08940676604999538 -0.4556464041332842 -0.0066585031368443645 0.8901359583464867 -2.1003253194819207 0.0 0.0 0.0 1.0
0.9105220580279505 0.0057401272874231515 0.41341936457682205 -0.5246111363110582 -0.007588638974914579 0.9999666980647776 0.002829277224150314 0.11470864504527188 -0.4133896057439634 -0.005713441485077259 0.910536338474744 -1.9648209182602585 0.0 0.0 0.0 1.0
0.9455682516951174 -0.0008433734429979495 0.32542110346513853 -0.2907799189230013 -0.004851464470997586 0.9998484637704729 0.016687999278327485 0.08094387691985913 -0.32538605840302387 -0.0173584574768736 0.9454219048643917 -1.986370090069739 0.0 0.0 0.0 1.0
0.9746216497821152 0.004489422012151605 0.22381107281156812 -0.08835658032859953 -0.004589713948124503 0.9999889658827966 -7.214378574012962e-05 0.09298036688989683 -0.22380896734740108 -0.00095694331389894 0.9746325800416462 -1.8055844528027878 0.0 0.0 0.0 1.0
0.9927155364947507 0.0062254826924312045 0.12031636129771026 -0.0282817205320883 -0.0063752473165435645 0.9999787998791945 0.0008597941197457214 0.0894070192615718 -0.12030840531205489 -0.0016206057427642663 0.992735231512925 -1.5231426390813079 0.0 0.0 0.0 1.0
0.9998427071644851 0.014170110235420506 0.010613146333795075 2.4530143134977866e-07 -0.014071004052664015 0.9998567598044364 -0.009356105066830394 0.09829793745457954 -0.010744044388300665 0.00920528070963679 0.9998999285284649 -1.2717147998363336 0.0 0.0 0.0 1.0
0.9988245787410064 0.009900137110601762 -0.04743803131390554 0.003531667842039697 -0.010458913757696966 0.9998781732687713 -0.011545177773190347 0.08487230898562628 0.047318174741948854 0.012027744534871971 0.9988074615237911 -1.0304029906431615 0.0 0.0 0.0 1.0
0.9990208159999221 0.007494543091646057 -0.04359094876439116 -0.01433163235406374 -0.007779643816158684 0.9999489362438758 -0.006374189983207943 0.06866132244052577 0.043541170251937523 0.006707051369574837 0.99902912119231 -0.8197288188335173 0.0 0.0 0.0 1.0
0.9999857414985853 -0.0008878341874779264 -0.0051662864839039264 -0.020676151017310934 0.0008601598053131037 0.999984793021117 -0.00535463749507584 0.04316227352838681 0.00517114110923876 0.005350095221364351 0.9999722991595024 -0.5145455086940431 0.0 0.0 0.0 1.0
0.9998768455630043 0.011538195395326342 0.010588508565010339 -0.025015849725178393 -0.01139183732691418 0.9998396408404245 -0.013780978278178703 0.04089798815418534 -0.01074565024579569 0.01365864719976161 0.9998489799891744 -0.23035226479045923 0.0 0.0 0.0 1.0
0.9999190667955872 0.0014837165864376354 0.012592094631049874 -0.00712416855500901 -0.0015220514154765316 0.9999937458050577 0.003034652131900775 0.020713847456601944 -0.01258735024145291 -0.0030536027765189107 0.9999161244728857 0.04013493405946411 0.0 0.0 0.0 1.0
0.9986253324831046 0.007569448487909185 0.051855784811003114 -0.014092916680111086 -0.0075265776712519356 0.9999707002264383 -0.0010221306724527497 0.012836271121173866 -0.05186187686488227 0.0006304044298127929 0.9986540435515325 0.32769511928161443 0.0 0.0 0.0 1.0
0.9971027151514577 0.001033904656451619 0.07605280383599149 0.013374457315932845 -0.0005823679484767546 0.9999815900502266 -0.0059592046542396105 0.013927979679490603 -0.07605746844161676 0.005897627169609518 0.9970860153802499 0.558579133943552 0.0 0.0 0.0 1.0
0.994423181546805 0.0028770952473380264 0.10541896874220524 0.007665954600802341 -0.003012717764285602 0.9999943582190035 0.0011272052274067421 0.004431667795208621 -0.10541507417056983 -0.0014385458033225875 0.9944272384299003 0.8927674638167706 0.0 0.0 0.0 1.0
0.9912266355532606 0.02026065595301858 0.1306068055107956 0.06367026391237045 -0.018848417021415056 0.9997493663530626 -0.012040212956196068 0.0005720710160921211 -0.13081797002141665 0.009472834040803832 0.9913611531404433 1.1628045416113715 0.0 0.0 0.0 1.0
0.9911359793295568 0.0008710276872418173 0.13284460974968199 0.11927277362110375 -0.0009586144809135193 0.9999988825529733 0.000595294117172131 -0.019750127676233423 -0.13284390801062507 -0.0007173916302887096 0.9911366846358307 1.3957739386750885 0.0 0.0 0.0 1.0
0.9875869477703237 0.010500304505395137 0.1567184624912441 0.11645235203613713 -0.010658961580122797 0.9999426934777107 0.0001719023937511478 -0.02383630708623423 -0.1567076583626218 -0.0018402516659387575 0.9876433283936713 1.6786253863325316 0.0 0.0 0.0 1.0
0.9847116856412829 -0.0024898920649796823 0.17417139610173699 0.18183822825011997 0.00479189597432645 0.9999061291401257 -0.01279766625458698 -0.02905397517611913 -0.17412318447300076 0.013436608715343643 0.9846321916707529 1.8618213418463276 0.0 0.0 0.0 1.0
0.9846354948273971 -0.0009366985974326185 0.17461666294746922 0.20560846984575928 -0.0017071814581644756 0.9998857266525942 0.014990177139097925 -0.062811943651503 -0.1746107536062535 -0.015058004528391159 0.9845224072496996 2.158518471532724 0.0 0.0 0.0 1.0
0.9864410908652185 -0.003129160904575164 0.16408248222002522 0.2961502158270657 0.00033080341719447456 0.9998535851977783 0.017079068517907234 -0.062175376189364695 -0.16411189165447193 -0.01679326088662826 0.9862987941513081 2.3590119615455736 0.0 0.0 0.0 1.0
0.9853665243127531 -0.014182953821200672 0.16985466232613963 0.2879125006245924 0.011886499272918568 0.9998233342545074 0.014529357832801942 -0.07099491177859468 -0.17003072211150017 -0.012297804685680518 0.9853620259366102 2.6118148244111374 0.0 0.0 0.0 1.0
0.9811265625718577 -0.006480638842553924 0.1932553301303034 0.34133895345095167 0.006743985985621659 0.9999765264731536 -0.0007049038089931295 -0.05103541902706192 -0.19324625934088893 0.001994884885918087 0.9811482413210542 2.8461092077261254 0.0 0.0 0.0 1.0
0.9793431315371192 -0.002947392526964267 0.20218129081550285 0.3661991723704534 0.0037963865209326994 0.9999850645721069 -0.0038115523456574104 -0.06949481250983788 -0.20216705976729382 0.004500353000448668 0.9793407230897846 3.0951933510289087 0.0 0.0 0.0 1.0
0.9806803626874907 -0.001042812922924972 0.19561150454452597 0.4486302778198713 -0.000978221807083248 0.9999466715119119 0.01023494118105153 -0.08159269841564934 -0.19561178307714797 -0.010228596788315242 0.980628076335418 3.2939264434470914 0.0 0.0 0.0 1.0
0.9819782638677064 -0.0011363666557779612 0.18898942450092068 0.5050994716626687 -0.0010721847699663766 0.9999319341160866 0.011583468491786694 -0.11627517849260832 -0.18898974099815574 -0.011577386610637211 0.9819108676553447 3.5834715840090627 0.0 0.0 0.0 1.0
0.9840310733447759 0.012490424609949955 0.17755671587060926 0.5570595230562647 -0.01196187707746589 0.9999198916023332 -0.004046947449394151 -0.12329695103934546 -0.17759304644573046 0.0018583801764514459 0.9841022864398801 3.778583895992316 0.0 0.0 0.0 1.0
0.9834202145436226 -0.0057569975904404646 0.18124883728279576 0.5003631422817834 0.0050028296723952075 0.9999764353902086 0.004617847290745054 -0.14801413086227716 -0.18127116078936362 -0.0036345633887422692 0.9834265002945256 3.9525751491078616 0.0 0.0 0.0 1.0
0.9849949835329735 -0.007182264715167812 0.17243232261311794 0.5728109331308939 0.004950122856256049 0.9998979828964696 0.013371549224638709 -0.1468215669340272 -0.17251077573785484 -0.012317386612566872 0.9849306472086962 4.0892749772726 0.0 0.0 0.0 1.0
0.9897381397672476 -0.01742540308534877 0.14182496023311822 0.7618446186850394 0.01723634927059405 0.9998477746063185 0.0025614631499088123 -0.1292697573332664 -0.1418479944811332 -9.066925316710583e-05 0.9898884777428252 4.364154004747251 0.0 0.0 0.0 1.0
0.9967785436918202 -0.01615272930576639 0.07855747051419548 0.8044418005766532 0.016512403835639386 0.9998555330066748 -0.003931029202106493 -0.11809170011095693 -0.07848256507103168 0.0052155064738111405 0.9969019242098638 4.664502946785049 0.0 0.0 0.0 1.0
0.9985106093387317 -0.019736181839265423 0.05085952740829436 0.8380503357952283 0.01980987235200033 0.9998029365205605 -0.0009452229701156241 -0.12327964471185315 -0.05083078467302142 0.0019513014439792589 0.9987054300263467 4.975414796179633 0.0 0.0 0.0 1.0
0.9984664827595968 -0.027227566945630426 0.04819705211459221 0.8899156878665153 0.02717040539209683 0.9996287136506349 0.0018408263821358647 -0.1455063808822914 -0.04822921213839802 -0.0005285056789627703 0.9988362064883834 5.1968497330255214 0.0 0.0 0.0 1.0
0.999172812380043 -0.011023556547720262 0.03913743480009358 0.860206327672161 0.010652056558841017 0.9998959453501305 0.009688064572959686 -0.1556243347503175 -0.03924008547954256 -0.009263197265169502 0.9991869081113067 5.437924678999986 0.0 0.0 0.0 1.0
0.9993076948030588 -0.013411561367558741 0.03469686652941861 0.8862738062939883 0.013471837651632703 0.9999077318486788 -0.0015040235618457097 -0.1596994636329151 -0.03467340420373006 0.0019703788531068734 0.9993968280273031 5.5968724739767275 0.0 0.0 0.0 1.0
0.9995771438703298 0.0049937239527240475 0.02863920878219889 0.885848648757011 -0.004759709225684226 0.9999543865269821 -0.008233393093723914 -0.17497245139845538 -0.028678919759783057 0.008093569871969915 0.9995559495007541 5.779013928253891 0.0 0.0 0.0 1.0
0.9995488278440559 -0.0010041727793712759 0.030011202684083808 0.8931248896731305 0.0008526054591095089 0.9999864228489674 0.005062762958569644 -0.21035314669675315 -0.03001578842378306 -0.0050349283836301694 0.9995367816640035 6.077192115539692 0.0 0.0 0.0 1.0
0.9996338474718632 0.002147587504144421 0.026966743659316585 0.8909756972721772 -0.002319308094787976 0.9999768184870786 0.006338273761467951 -0.2032575501695886 -0.026952415055565525 -0.006398534235869537 0.9996162780782856 6.25988008588679 0.0 0.0 0.0 1.0
0.9995850569752807 -0.012802137295925959 0.025796218342890753 0.9605552791562268 0.012668046908284328 0.9999050066159336 0.005354804283469081 -0.1971244341804328 -0.025862245981397396 -0.005025831485607007 0.9996529436205651 6.459033652034202 0.0 0.0 0.0 1.0
0.9998005093260276 -0.0038065308278282996 0.01959617302358556 0.9761741808659504 0.003968299950794079 0.9999579292895271 -0.008222861492030092 -0.17525601167349372 -0.019563936266533796 0.00829895648264568 0.9997742277685814 6.643973158883914 0.0 0.0 0.0 1.0
0.9999459915098213 0.006944547977712328 0.007705778017985536 0.9759809723540882 -0.006913294214050191 0.999967413431447 -0.00407465700881598 -0.20919139627443867 -0.007733725397003142 0.004021134936893975 0.9999620606801103 6.8313625667830475 0.0 0.0 0.0 1.0
0.9999647602635493 0.006094737180170725 0.005743222657046816 0.895507608045687 -0.006074110327280663 0.9999746826282303 -0.003601625077380768 -0.22680306747195678 -0.005764944276524154 0.0035665826379586043 0.9999770907049654 7.113935186595378 0.0 0.0 0.0 1.0
0.9998162314724014 0.019145545924391154 -0.0007072091512627201 0.9584597513477578 -0.01914542349607589 0.9998162907418553 0.00017348663151915548 -0.23363488944538122 0.0007105250090332165 -0.00015994590395034718 0.9999998131293127 7.276144854556314 0.0 0.0 0.0 1.0
0.9999697718488874 0.006772709368872603 -0.003769208569232172 0.9404769275802362 -0.006769438881415546 0.9999762842113585 0.0008791089219231158 -0.2484615808740995 0.0037751786790397187 -0.000853600688194924 0.9999925892960613 7.488716261812641 0.0 0.0 0.0 1.0
0.9998342458416738 0.01161839698398134 -0.014004288818584693 0.9398783533803947 -0.011575531042995876 0.9999276986421612 0.003137802120505936 -0.2451748337267702 0.01403983121425373 -0.00297520950432309 0.9998970580918798 7.59589184381359 0.0 0.0 0.0 1.0
0.9998967104375635 -0.00156432143379511 -0.014271647450622425 0.9719301228129471 0.0018006212852427039 0.9998608928871208 0.016559444736635207 -0.2568681830332472 0.014243889817660331 -0.016583478675593337 0.9997610675956731 7.869089355855965 0.0 0.0 0.0 1.0
0.9998335869672991 -0.000788935309698874 -0.01821331995917578 0.9607207885888082 0.0007614970693972538 0.9999981779276896 -0.001513445872073276 -0.24095697713695993 0.018214610715131422 0.0014992923430177305 0.9998330572922468 8.13728023830347 0.0 0.0 0.0 1.0
0.9997511468015847 0.002628157105952758 -0.022143575783312205 0.9641126355674055 -0.002532530465674348 0.9999869330879592 0.004345305561304708 -0.260010702707967 0.022154830934975504 -0.004288181461433598 0.9997454222087659 8.269387836521542 0.0 0.0 0.0 1.0
0.9994836843779299 -0.0021591423985558105 -0.032050702045228564 0.9688493387915513 0.002131154115859572 0.9999969121418135 -0.0009074186356296249 -0.2630984354061473 0.03205269372956068 0.0008386125596032445 0.9994858714827078 8.427376675460788 0.0 0.0 0.0 1.0
0.9995130708998138 0.012579639947199635 -0.028546769069314627 0.9367786983953865 -0.012357799650436492 0.9998917447182006 0.007934161583978631 -0.27731265467585553 0.02864361495746047 -0.007577558680370304 0.9995610262468279 8.624800593437936 0.0 0.0 0.0 1.0
0.9992817684291351 0.00031225539685334765 -0.03788756239719405 0.9202343425587795 -0.00039516027945898734 0.9999971781963766 -0.002180756655470184 -0.2926351555219955 0.03788691825400781 0.002194130268354887 0.9992796617937892 8.932543629405332 0.0 0.0 0.0 1.0
0.9990177613348771 0.012179899069528224 -0.042600545512325595 0.9122725140676113 -0.012180160182880583 0.9999254085565052 0.00025332937395790766 -0.3030087304316412 0.04260058198716382 0.00026576927098151995 0.9990922274975083 9.102862197068971 0.0 0.0 0.0 1.0
0.9999711030674555 -0.0012072852618626821 0.007475870175059501 0.877717507177517 0.001200247576540919 0.9999984345068323 0.0009459558642043054 -0.3129105418530707 -0.007476913269396293 -0.0009369898733960904 0.9999716713396395 9.346775462307594 0.0 0.0 0.0 1.0
0.9954711739471187 -0.0058668708120021415 0.09488037896278283 0.8542175706443245 0.0074632947436494125 0.9998359562777943 -0.016479539762998062 -0.2964921489134899 -0.09476808386428133 0.01711300344653931 0.9953523259021211 9.628240734723686 0.0 0.0 0.0 1.0
0.9840707437153892 -0.012015240708906279 0.1773697504216097 0.9236602479643197 0.01052768235767135 0.9999007033290275 0.009325524369741578 -0.33572455067387175 -0.1774641990349506 -0.007309721653523293 0.9841001676349317 9.995272446244341 0.0 0.0 0.0 1.0
0.9688690987904949 -0.003008737188134067 0.2475545343846829 0.9615221778582019 0.0008919836960711928 0.9999617213505471 0.008662363672432375 -0.336115996496939 -0.24757117244736807 -0.008171922666241116 0.9688352943945638 10.186862007345871 0.0 0.0 0.0 1.0
0.9701536321809869 -0.004612704146229651 0.24244643205365482 1.0441861339871719 -0.0031480231823597634 0.9994948254893455 0.031612928142257773 -0.35403575590089476 -0.2424698302242506 -0.031432676766832354 0.9696496471637346 10.355762805129986 0.0 0.0 0.0 1.0
0.9708529049520315 -0.008682652373057605 0.23951790457125163 1.0546370175412543 0.006724912038826592 0.9999365904063984 0.0089897361137205 -0.3409609092029305 -0.2395808176182544 -0.00711701501138843 0.9708503894737609 10.486239348217513 0.0 0.0 0.0 1.0
0.9711538225135471 0.002034374493303139 0.23844439293636221 1.0646148341904063 -0.0026033982224961147 0.9999940919101282 0.002071507286671047 -0.33645097001279606 -0.23843881602507472 -0.002632552498129187 0.9711540119375929 10.5508705034586 0.0 0.0 0.0 1.0
0.9709699834309787 0.0007926149272243027 0.2391993022712888 1.0800182259815327 -0.0012538769213267644 0.9999972516280367 0.001776199222110119 -0.33872121491310925 -0.23919729346061186 -0.0020245973996467805 0.9709689106155903 10.571290358411744 0.0 0.0 0.0 1.0
0.9710768790290132 -0.0019219706238788202 0.23875848451982665 1.0784545093314721 0.0012253424210378018 0.9999941303042527 0.0030661089213791567 -0.343697212448379 -0.23876303838231913 -0.002684900397224795 0.9710741865436217 10.602387784329714 0.0 0.0 0.0 1.0
0.9711799664752384 -0.0007108449179031356 0.23834554944879763 1.0860496189406637 0.000504959945908092 0.9999990309602638 0.0009248704435521752 -0.3422483696528014 -0.23834603243561286 -0.0007778948538019503 0.9711800486771707 10.606510428050132 0.0 0.0 0.0 1.0
0.9711355721272132 -0.0004921938281356788 0.23852688988821028 1.0859863671363863 9.490943049335495e-05 0.9999982011109665 0.0016770628986914015 -0.3484894675313318 -0.23852733814308225 -0.0016060505353942978 0.9711344989953189 10.610225097985985 0.0 0.0 0.0 1.0
0.9711718232334775 -0.0002660677586887349 0.23837966610957737 1.0827057995885006 1.3335466763851354e-05 0.9999990256474292 0.0010618268141892185 -0.3437574615726138 -0.23837977415124195 -0.0010280714294280237 0.971171536011026 10.591839049601958 0.0 0.0 0.0 1.0
0.9712677478130352 -2.7057075093241106e-05 0.23798844908750375 1.0822419348226582 -0.00020938568123500504 0.9999991461231831 0.0009682309097467458 -0.3437615069925307 -0.23798831012210347 -0.0009902762063366086 0.9712675676721112 10.591023837575941 0.0 0.0 0.0 1.0
0.9712508696164761 -4.375855434539844e-05 0.23805752243900394 1.0846243735526695 -0.00023125890947103353 0.9999989208624419 0.0011273366749713605 -0.3436760590521365 -0.238057384758546 -0.001150013066162871 0.9712504483483102 10.593782097606187 0.0 0.0 0.0 1.0
0.9711459387799588 -0.00017352153021499758 0.23848511071632922 1.083151028560693 -2.7102164843229076e-05 0.9999992863925912 0.0008379687151238804 -0.34694437737654366 -0.23848513211197775 -0.0008202861279813434 0.9711458755998081 10.600513598707034 0.0 0.0 0.0 1.0
0.971178632074794 -0.00019291856249991705 0.23835193499543977 1.086618041312267 -5.1669528873196386e-05 0.9999991151916565 0.0010199213849928128 -0.3459449548280633 -0.23835197545488723 -0.0010028750901097665 0.9711783805669085 10.602538832103708 0.0 0.0 0.0 1.0
0.9722005165191212 0.003782891361160546 0.2341184205042253 1.0705741426737267 -0.001536385739838382 0.9999506401623488 -0.009777221739026018 -0.34104601444788657 -0.2341438915178616 0.009145696877313633 0.9721589878689378 10.595803585618913 0.0 0.0 0.0 1.0
0.9719830907186522 0.007410265313600947 0.23493305691573596 1.078863433329821 -0.005612013804921009 0.9999492103060142 -0.008321964259442682 -0.342750818533726 -0.2349828513973258 0.006770332953089481 0.9719759691114763 10.668771922297017 0.0 0.0 0.0 1.0
0.9721319057380089 -0.003746905461799546 0.23440378786336133 1.132066658814713 0.0035067148572557067 0.9999924290397552 0.0014414834300862424 -0.34544324694269163 -0.23440746192300407 -0.0005793588481067312 0.9721383063982004 10.80500318609708 0.0 0.0 0.0 1.0
0.9719764773946407 0.0007437016524979988 0.23507620859356296 1.182046073944108 0.00033112250334030996 0.9999892940924917 -0.004532723820800432 -0.350323121666318 -0.23507711554064017 0.00448350985842309 0.9719664163618458 10.963886435056123 0.0 0.0 0.0 1.0
0.9717859148029819 -0.017021200980463766 0.23524872223248275 1.231484948867442 0.015910089429493894 0.9998511359495494 0.006620513429637841 -0.35584854986273856 -0.23532642391366354 -0.002690931256782324 0.9719127371981516 11.152660157634363 0.0 0.0 0.0 1.0
0.9723557217874801 -0.014494707156146423 0.23305334928304558 1.2756348289700736 0.012616446105007565 0.9998744500054774 0.009548096372866948 -0.35913370270628303 -0.23316252833432768 -0.006343878979411576 0.972417163275002 11.344103520694091 0.0 0.0 0.0 1.0
0.9737488175776513 -0.02427109904236886 0.22632672735063866 1.3633168526846415 0.024395427543803708 0.9996994886449573 0.002248018509539227 -0.3548082925902799 -0.2263133202600404 0.003332298387909894 0.9740488852545497 11.556793355709523 0.0 0.0 0.0 1.0
0.9743561123368067 -0.019454626077576143 0.22416796198354672 1.39492513550333 0.017674534168240216 0.9997939560276607 0.009944902494769536 -0.3662956822542109 -0.2243152899427692 -0.00572785068956567 0.9744998364170591 11.758187919643266 0.0 0.0 0.0 1.0
0.9759074765157404 -0.015838484349547714 0.21760815845135895 1.439204095464123 0.013244214520848728 0.9998224472263616 0.013375170702754964 -0.38137813056347875 -0.2177813948002374 -0.010170922307460459 0.9759446304134244 11.965062491951821 0.0 0.0 0.0 1.0
0.9769030994125188 -0.01725181447831266 0.21298435612534572 1.505132728468222 0.014485619100493825 0.9997889489301263 0.01454158375219492 -0.3733589495107348 -0.21319031766281651 -0.01112054842454463 0.9769474302476812 12.181236960939554 0.0 0.0 0.0 1.0
0.9789514682975489 -0.0048501428461546195 0.20403461917340088 1.5645839182228565 0.003299134749689619 0.9999626099715686 0.007941154375876417 -0.37587721024454235 -0.20406554987059808 -0.007100905314339095 0.9789315015140742 12.385045883057424 0.0 0.0 0.0 1.0
0.978864817116889 -0.013692511417868094 0.2040485903581086 1.6024199686019724 0.016035183901738727 0.9998226970035672 -0.009831930534423522 -0.36882318313326073 -0.203877822650377 0.012896061340670333 0.9789114453104353 12.58138766975831 0.0 0.0 0.0 1.0
0.9804077472185078 -0.013747769674564368 0.19649744742607264 1.6650152073812394 0.014728141088840484 0.999884941308629 -0.0035287717466346846 -0.3699993723807151 -0.1964263471730293 0.006353647118321899 0.9804980364610489 12.771845286019495 0.0 0.0 0.0 1.0
0.9808088777825403 -0.0004933707681698378 0.19497000240798348 1.6927066368318742 0.00121738316953476 0.9999924222863553 -0.0035936383583587595 -0.38157498298189535 -0.19496676882504546 0.003761994983384987 0.9808027081672681 12.950820702846826 0.0 0.0 0.0 1.0
0.9815558721164221 -0.006831676290214387 0.19105238110887865 1.744738205006045 0.0068941448053966275 0.9999757880709609 0.0003377306936234919 -0.3901543416757553 -0.19105008572140417 0.0009856079938682942 0.9815798418569089 13.15090451062986 0.0 0.0 0.0 1.0
0.982472495081951 -0.007737660061619259 0.18624591522895248 1.8068548947252245 0.007498418716707612 0.9999695042600285 0.0019889605944683228 -0.3957157183252764 -0.18625564811176779 -0.0005575835876952663 0.9825012078258301 13.351335891519474 0.0 0.0 0.0 1.0
0.9836386078312584 -0.015031967983887775 0.17952359173183743 1.8555823554575268 0.015912066636619072 0.9998669842204916 -0.0034633545443898445 -0.3933349369139898 -0.17944766946667423 0.006263249515074806 0.983747625031678 13.553235562432464 0.0 0.0 0.0 1.0
0.9853595571450297 0.0002349511292628569 0.1704882151928462 1.8831442005115546 -0.0017894407937576653 0.9999581886986609 0.00896384491673505 -0.4389718902970862 -0.17047894606640548 -0.009137646450359508 0.9853189451306105 13.717561900260542 0.0 0.0 0.0 1.0
0.9860387981188624 -0.002143207999169491 0.1665010830030758 1.909667336142872 0.002360198603070516 0.9999965408836713 -0.0011058050985649625 -0.4470183158692947 -0.16649811217773425 0.001483385534377692 0.9860406164618444 13.916859706903722 0.0 0.0 0.0 1.0
0.9864576937809522 -0.01356319136082191 0.1634530786028867 1.9555800081979493 0.013408208321020822 0.9999079871876729 0.002050992417547308 -0.4454518732463631 -0.16346583264829953 0.00016843789970494012 0.9865489730236169 14.087099639201849 0.0 0.0 0.0 1.0
0.9879912089345959 -0.013504796355405753 0.15391776179311448 2.0268317436253342 0.011867053706486611 0.9998627755495089 0.01155374675700874 -0.4703668491196069 -0.1540526318073413 -0.009588410237820102 0.9880160668749655 14.321809028210016 0.0 0.0 0.0 1.0
0.9883367450350764 -0.020136666213910425 0.15094595851002782 2.0489839500377074 0.018769182611534922 0.9997689166224214 0.010478366593571996 -0.45890671783939513 -0.1511220320373882 -0.00752298179289864 0.9884864684004405 14.545604971303659 0.0 0.0 0.0 1.0
0.9898252455348125 -0.01590194986546684 0.141396034913922 2.093796124157998 0.014217928118365333 0.9998155004251699 0.012911817452056261 -0.46974861348830926 -0.14157524788898831 -0.010770044485164809 0.9898689032455351 14.738170869263854 0.0 0.0 0.0 1.0
0.9898497311574258 -0.03253817135952267 0.13834202344805505 2.148761945219089 0.03189493826377333 0.9994676423016597 0.006864003523057183 -0.46396594675048286 -0.13849166603186266 -0.0023818811326043543 0.9903607002583137 14.919602447809627 0.0 0.0 0.0 1.0
0.9912218056076663 -0.01535422096000541 0.13131364064959866 2.1516014817688704 0.016080037273193237 0.9998606962903323 -0.004469246809143709 -0.45720774947875104 -0.13122669203303974 0.0065415868288954 0.9913307877026437 15.139548106440902 0.0 0.0 0.0 1.0
0.9917157070229368 -0.017603629100135458 0.1272388452312917 2.213264679542257 0.017335008107428572 0.9998445355665859 0.0032177309603135776 -0.4680106716418259 -0.12727566838003349 -0.0009853459794862095 0.991866876518258 15.34095808620895 0.0 0.0 0.0 1.0
0.9911183212743384 -0.018271126220866133 0.1317208142149984 2.217588737214022 0.014347058971266053 0.9994263207162597 0.030678072447693064 -0.5096821337988692 -0.13220573329904237 -0.028515756784292745 0.9908120352037019 15.495115620255445 0.0 0.0 0.0 1.0
0.9926760349376411 -0.012210069006117664 0.1201866993740025 2.2348177651825547 0.012390687612922264 0.9999229112499088 -0.0007561857689969547 -0.46309393840823265 -0.12016816819851972 0.002239886178166247 0.9927510245346148 15.597057545228825 0.0 0.0 0.0 1.0
0.9923280424812891 -0.00863885457845437 0.12332908901046565 2.2159413561883357 0.007190403130581496 0.9998999042393398 0.012184300851257763 -0.48721178981793156 -0.1234219644127678 -0.011203996906014488 0.992291031788128 15.63922292622278 0.0 0.0 0.0 1.0
0.9926949437182505 -0.005404393194510202 0.12052897249557587 2.21280696407847 0.004653329801780959 0.9999679074607963 0.006511393582040759 -0.48522947364387414 -0.12056026320216597 -0.005902924349736721 0.9926884505974797 15.684019106420722 0.0 0.0 0.0 1.0
0.9925740835906369 -0.002286566466221437 0.12161885962758669 2.220757467984717 0.0018527302073959825 0.9999914979718837 0.0036795555822902114 -0.4769795456472263 -0.12162620298930274 -0.003426862005496559 0.9925700618050864 15.710868834112294 0.0 0.0 0.0 1.0
0.9926464188374318 -0.0025950472130517196 0.12102095930934675 2.211900380290045 0.002273658906253733 0.9999934756517918 0.002793064213458836 -0.47596741151680283 -0.12102737246647112 -0.0024973221920627123 0.992646016938346 15.705882782423828 0.0 0.0 0.0 1.0
0.9926252955656812 -0.003520620353633257 0.1211708367928683 2.2114635339897593 0.0030981102303035365 0.999988389767524 0.003674531587754977 -0.4893452805707844 -0.1211823314346347 -0.003271990006233911 0.9926248593600385 15.684617098415169 0.0 0.0 0.0 1.0
0.9926745147505084 -0.003463087397232548 0.12076831920725262 2.2120921282492483 0.0030558641141028254 0.9999889603191644 0.003556389930667017 -0.48852798350082277 -0.12077926883783269 -0.0031612435502570307 0.9926743019163439 15.680438608741678 0.0 0.0 0.0 1.0
0.9925982267526414 -0.0038867405578727615 0.12138105683201336 2.2085380637700536 0.0034543075482352313 0.9999868776796479 0.003772240732091932 -0.4908948530060142 -0.12139407858479868 -0.003324989661322614 0.9925987886334414 15.682780443764315 0.0 0.0 0.0 1.0
0.9926659395552377 -0.004157235455449962 0.12081713357857427 2.2150667641807225 0.0037224545769213822 0.9999857295850507 0.003823554013702843 -0.4882456749205206 -0.12083126314782006 -0.0033457331701780666 0.9926673941937453 15.682806123060669 0.0 0.0 0.0 1.0
0.9926050266096376 -0.0035681428805703925 0.12133514252827662 2.211648183285841 0.0031731599487989787 0.9999889806191787 0.0034477855425230674 -0.48838062358824685 -0.12134607266804018 -0.0030372311737242833 0.9926055617270751 15.683262423342953 0.0 0.0 0.0 1.0
0.9927061295061483 -0.0037496864487884416 0.12049969007135221 2.2149568977344734 0.0033846393719689956 0.9999889790965832 0.0032333835745954544 -0.48724577828766064 -0.12051044146645114 -0.0028019091457582067 0.9927080668538527 15.684312749951228 0.0 0.0 0.0 1.0
0.9935950568175959 0.00031976139414295 0.11299733806040602 2.2487777363350197 0.001223081483171836 0.9999069108904024 -0.013584846747699877 -0.4736654234555372 -0.11299112473104495 0.013636086716501747 0.9935023738269468 15.732106265194084 0.0 0.0 0.0 1.0
0.9933637077045806 -0.005611661065735483 0.11487698601719959 2.2667908761038427 0.006000060953941968 0.9999773310590112 -0.0030361205859655736 -0.4720988592198157 -0.11485729823260989 0.003705283759966659 0.9933750824231098 15.833031936554088 0.0 0.0 0.0 1.0
0.9902896502029557 0.004757660657520964 0.1389370690542821 2.2311601347834706 -0.0033423373197586596 0.999940089256252 -0.010418853535370386 -0.4647550494200342 -0.13897827246653235 0.009853352873548766 0.9902464069549385 15.92482509687773 0.0 0.0 0.0 1.0
0.9779734986364744 -0.003772445584372348 0.20869435472605044 2.2257280349036943 0.0021598606798943604 0.9999660139578137 0.007954020665556324 -0.49918921379645015 -0.20871724916169568 -0.007328029038377576 0.977948554246844 16.015545984556056 0.0 0.0 0.0 1.0
0.9719353925794202 -0.0022658544536103844 0.23523641561213834 2.2459021940814408 0.0005370566823614874 0.9999723606128559 0.007412695233112179 -0.511633593905345 -0.23524667560164472 -0.0070782833172064975 0.9719098697047709 16.144968381900032 0.0 0.0 0.0 1.0
0.9728489959031419 0.007386119804569083 0.23132212363247306 2.3149010731689685 -0.011599471321779953 0.9997905567360259 0.016859127401728503 -0.531260619702817 -0.23114911514674683 -0.019084559549838107 0.9727310991537588 16.3956352628195 0.0 0.0 0.0 1.0
0.9743693271930656 -0.007521692194266435 0.22482782280860336 2.409478491538689 0.004302042751888786 0.9998810612908711 0.014806653085493155 -0.53165551026012 -0.22491243541992334 -0.013459890641371227 0.9742859642625845 16.543528634741264 0.0 0.0 0.0 1.0
0.9754796866156689 -0.004318669428492682 0.22004629929865946 2.4674907570522175 0.0016703962051055894 0.9999239111408055 0.012219389734371254 -0.516236327144427 -0.22008231366956538 -0.011552161479176547 0.9754128873970079 16.68278190364469 0.0 0.0 0.0 1.0
0.9816777049499696 -0.004246985532692638 0.19050088624915357 2.5098358626884476 0.0026093804295734824 0.9999574606890492 0.008845955236918251 -0.5137563039717917 -0.19053031923968855 -0.008186746571429674 0.9816471410050035 16.976552732739147 0.0 0.0 0.0 1.0
0.9933103733068528 -0.025582005776317383 0.11260445572187823 2.6694554549478 0.024564267765219003 0.9996439548341518 0.010415963307435338 -0.4946564186823077 -0.11283078380622628 -0.007580197573018389 0.9935852690335603 17.22346367516582 0.0 0.0 0.0 1.0
0.9985494868525736 -0.011061892449799592 0.052690165520068805 2.7282541470304382 0.010839684540190866 0.9999310700874324 0.0044998413243157315 -0.47896345390351686 -0.05273626571394544 -0.003922127613154389 0.9986007213014643 17.474024240467827 0.0 0.0 0.0 1.0
0.9985136838974963 -0.014391250695032536 0.052564259000889055 2.7357902744976026 0.014027139355741488 0.9998750238914196 0.007288032661768085 -0.4875356201699913 -0.05266252243780292 -0.006539832533962832 0.9985909110092978 17.6874441801873 0.0 0.0 0.0 1.0
0.998868089439998 -0.0011809839782834985 0.04754882910219502 2.772256444173273 0.0010104771704680718 0.9999929329056407 0.0036083090037845804 -0.49035838308677215 -0.04755269885602202 -0.0035561353605922975 0.9988623477066897 17.924509627271142 0.0 0.0 0.0 1.0
0.9988121337806519 -0.02011253672417164 0.044379526366018676 2.801181902353279 0.019884733014045763 0.999786766714727 0.005567095296564887 -0.492009653323564 -0.04448197591787167 -0.00467796600350793 0.998999221951209 18.126182704080517 0.0 0.0 0.0 1.0
0.9993844110842771 -0.0021524771634040324 0.03501193130561023 2.8145765611656337 0.0017846725995656041 0.9999428955290629 0.010530953669967171 -0.5024501430746832 -0.03503254736830879 -0.010461946323966537 0.9993313935080635 18.33508580107336 0.0 0.0 0.0 1.0
0.9993948321964747 -0.011890922804928013 0.03268444108959073 2.845290093103954 0.011463595598542126 0.999846771678628 0.01322864594109627 -0.5035176170153461 -0.03283667755552386 -0.01284591766453839 0.9993781741282951 18.546108579510175 0.0 0.0 0.0 1.0
0.9995279229663303 -0.014689503084044276 0.02697790877853413 2.854215766668625 0.014623963925414329 0.9998895920715112 0.002622472252942364 -0.4925116300335511 -0.027013399915615088 -0.002226668322811626 0.9996325529579484 18.74479701003719 0.0 0.0 0.0 1.0
0.9997380726577638 -0.014321555373786342 0.01784254703783896 2.8689190381284155 0.014159491746211738 0.9998576233514287 0.009172548337579602 -0.5037887041253295 -0.017971314852819525 -0.008917463629648284 0.9997987336962011 18.94646714106751 0.0 0.0 0.0 1.0
0.9996950699368596 -0.021159414944635423 0.012718276952975538 2.8837604621260615 0.02101476780456954 0.9997141682987446 0.011395819777373238 -0.5090643279024174 -0.012955713720240987 -0.01112503345973758 0.9998541620431639 19.15497910658487 0.0 0.0 0.0 1.0
0.999956705584981 -0.005526917931822256 0.0074622177543343165 2.86853144996776 0.005519660483912555 0.9999842448115764 0.000983295603887247 -0.5024259764091765 -0.007467477455135429 -0.0009420214992185772 0.9999716237084172 19.326200284968497 0.0 0.0 0.0 1.0
0.9997176575509997 -0.023041278195526045 0.005783415345059395 2.9109803840327375 0.022995827670993715 0.9997051276292277 0.007794385774954204 -0.5390327573539565 -0.0059612446385604555 -0.007659150189726602 0.9999528763387913 19.526135189844847 0.0 0.0 0.0 1.0
0.999790069338539 -0.019517756582144614 0.006206910249400862 2.9040663071785175 0.01949823343732398 0.9998048096867902 0.003179394431785294 -0.5377812915985326 -0.00626769482126766 -0.0030576619754218593 0.9999756836186753 19.628057541884342 0.0 0.0 0.0 1.0
0.9998462979182644 -0.017192461779396817 0.003398373623216513 2.905471530016125 0.01719209663524866 0.999852179654535 0.00011606451392869754 -0.5301655690461979 -0.0033998087742993983 -5.75793967563791e-05 0.9999941808140348 19.68294753495659 0.0 0.0 0.0 1.0
0.9999020476552869 -0.013854361425775489 0.001906061751788341 2.9025727688488696 0.01385406776912374 0.9999039831523096 0.0001300804342547438 -0.529125764916368 -0.0019076222368446926 -0.00010361870929336121 0.9999981552342909 19.70717689816962 0.0 0.0 0.0 1.0
0.999916922169355 -0.012826778683889603 0.0011708923532816153 2.902738245963616 0.012821808188258663 0.999909364895801 0.004101358259218436 -0.535965495605231 -0.0012233345886679477 -0.004085962906045879 0.9999908864154872 19.733480080700158 0.0 0.0 0.0 1.0
0.9998874167271772 -0.014969847869141713 0.000899571136471503 2.902062233391204 0.01496744793345863 0.9998847179546266 0.002543934701424389 -0.5368078388987607 -0.000937491020945729 -0.002530142224870302 0.9999963288494242 19.738400712446275 0.0 0.0 0.0 1.0
0.9998878697330682 -0.014933554237878122 0.0009803622697952723 2.903833527333077 0.014931539426459505 0.9998865299751077 0.0019617694933020775 -0.5335732150615146 -0.0010094884791858037 -0.001946869060996421 0.9999975942650033 19.74189885083587 0.0 0.0 0.0 1.0
0.9998848506548383 -0.015131202821032011 0.0010185458687778934 2.904927187083192 0.015129141688773195 0.9998836119242033 0.0019358587547886614 -0.5332733652072286 -0.001047660206911868 -0.0019201841092062201 0.9999975886065817 19.744433107300843 0.0 0.0 0.0 1.0
0.9998861366383298 -0.015038642802583003 0.0011337428818900767 2.9047734615849694 0.015036552872379972 0.9998853367763619 0.0017688534756690087 -0.5336003812471185 -0.0011601550503476982 -0.0017515624289822348 0.9999977852638094 19.74259784754583 0.0 0.0 0.0 1.0
0.9998853079055837 -0.015106604095132505 0.0009213028442996982 2.9041192286100457 0.015104807815021931 0.999884152688704 0.0018520366267049575 -0.531713980072442 -0.0009491150635820137 -0.0018378661218818985 0.9999978611748801 19.740010455870824 0.0 0.0 0.0 1.0
0.9998856092721152 -0.015084467265598407 0.0009451461756592377 2.9033994066610496 0.015082844720860999 0.9998849001449677 0.0016292258648064847 -0.5325820721046746 -0.0009695546939688871 -0.001614741998694927 0.999998197928491 19.743093466669897 0.0 0.0 0.0 1.0
0.9998863803006216 -0.015021068933358268 0.001144858039053976 2.9037550647034696 0.015019050512485803 0.9998857199253509 0.0016920565998936187 -0.5327845146897671 -0.0011700847967487426 -0.0016746276096311324 0.9999979160890579 19.74211674905095 0.0 0.0 0.0 1.0
0.9998887613343728 -0.014881134227094603 0.0008329932863237941 2.9038197321983543 0.014879348670681669 0.9998871756767015 0.002028628562207154 -0.532067107807012 -0.0008630286809169138 -0.0020159666896693296 0.9999975420760933 19.733625427996614 0.0 0.0 0.0 1.0
0.999887243924001 -0.014971515363001774 0.0010041161361305706 2.900713566069933 0.014969603888924226 0.9998862509439986 0.0018171163201367864 -0.5318602226816228 -0.0010311479306623393 -0.0018018382223944798 0.9999978354021697 19.733145052329245 0.0 0.0 0.0 1.0
0.9998876144734373 -0.014951421763049139 0.0009743249670706676 2.9013735221499304 0.014949645440455373 0.999886708371708 0.001736693842934194 -0.5314674602891984 -0.001000121847455003 -0.0017218908777891615 0.9999979911652166 19.73572220937407 0.0 0.0 0.0 1.0
0.9998847753694704 -0.015110613519765887 0.0013384068979087232 2.89969199088555 0.015108180332510218 0.9998842547471817 0.0017593759786906792 -0.5324205540296295 -0.0013647791207493467 -0.001738910327019405 0.9999975044454767 19.735695201233064 0.0 0.0 0.0 1.0
0.9998854029245684 -0.015078081705378991 0.0012315654071873273 2.9000601949699343 0.01507566774862361 0.9998845236905561 0.0018903191749139235 -0.5338420947384633 -0.0012598665931193753 -0.001871493889300035 0.9999974442078614 19.736446329702588 0.0 0.0 0.0 1.0
0.9998864117778832 -0.015026545648274063 0.0010524873668715687 2.8998365860554527 0.015024525792615217 0.9998853890445525 0.001837819567782027 -0.5335503027740294 -0.0010799238020852398 -0.001821755648974046 0.9999977541869619 19.73777600025796 0.0 0.0 0.0 1.0
0.9998881154799873 -0.014914000909122623 0.0010285069744161645 2.902193450311617 0.014912135367584414 0.9998872731996844 0.0017323185741908412 -0.5335667024091763 -0.001054168316027932 -0.0017167454750143555 0.9999979520359088 19.735561322330263 0.0 0.0 0.0 1.0
0.9998856148580126 -0.015072393788182332 0.0011128606399853282 2.9025458451892865 0.015070311649433161 0.999884797731517 0.0017948645752112248 -0.5341751331678752 -0.0011397263943912427 -0.0017778461552445078 0.9999977239737763 19.738137959253617 0.0 0.0 0.0 1.0
0.9998889845661284 -0.014865172887225796 0.000849639200775893 2.903152154528403 0.014863547907392404 0.9998878342985762 0.001809149394632772 -0.533253800583814 -0.0008763781465933742 -0.0017962778720470509 0.9999979695816069 19.736686556652565 0.0 0.0 0.0 1.0
0.9998872648356945 -0.014927164777052006 0.0015174509518148752 2.895977863095176 0.01492702665699002 0.9998885492544399 5.631236791971707e-05 -0.5308497400434362 -0.001518063517384425 -3.361273593684854e-05 0.9999988259748191 19.729837772730395 0.0 0.0 0.0 1.0
0.9998477849630206 -0.01743768962017444 0.0001265068251583066 2.903449098433319 0.017436864796716193 0.9998375851529465 0.004546132465009232 -0.5414257873088206 -0.00020570090043393077 -0.004543193366432839 0.9999896341256083 19.800909623078574 0.0 0.0 0.0 1.0
0.9999287626006297 -0.010898106435278193 -0.00484089973250465 2.902740441087722 0.010914481898594649 0.9999346665016312 0.003383887445777161 -0.5392451128519143 0.004803764815616419 -0.0034364402896974156 0.9999825048641952 19.901770024132322 0.0 0.0 0.0 1.0
0.9993740620509471 -0.031315213281069225 -0.016448269585236746 2.923352408650721 0.031321747522155455 0.9995093266213281 0.00014396754552322495 -0.5368498540265288 0.01643575276634589 -0.0006590248565222641 0.9998646847667356 20.030317716039615 0.0 0.0 0.0 1.0
0.998906604797606 -0.017981873552315456 -0.043150645073132855 2.9242636200943197 0.01790339862766808 0.9998372809870361 -0.0022027921975872225 -0.5373705207855088 0.04318330240432934 0.0014278825408822033 0.9990661299269378 20.193640204311905 0.0 0.0 0.0 1.0
0.9989207439886639 -0.020997619678658753 -0.041426354031511535 2.9219557513773826 0.021176090560134198 0.9997682251254489 0.0038756548202468653 -0.5415776804248812 0.04133543809623818 -0.004748679368492801 0.9991340180758872 20.389346857064478 0.0 0.0 0.0 1.0
0.9989736849258366 -0.01820210620596047 -0.04147261647977858 2.9079082006995143 0.018195361475869164 0.9998342592028577 -0.0005384555576138135 -0.5459693244314782 0.041475609982120756 -0.00021666426684268557 0.9991394959261302 20.554977856210268 0.0 0.0 0.0 1.0
0.998514406647058 -0.023064710786066922 -0.049363105954313535 2.924018047544431 0.023327779817377926 0.9997164813474876 0.004761059050855995 -0.5535853369390725 0.049239365429335234 -0.005905476373216179 0.9987695226249872 20.750445499663957 0.0 0.0 0.0 1.0
0.9981989066691349 -0.02457386626473766 -0.05472480703476075 2.911641237022322 0.024637014830123136 0.9996963272467883 0.0004807566575974025 -0.5530034681861589 0.05469644251494009 -0.0018281053826717188 0.998501320968971 20.932429016212147 0.0 0.0 0.0 1.0
0.9981095714951691 -0.014320698847893464 -0.05976529922041966 2.903858302089587 0.013775941740416 0.9998597904003318 -0.00951589863861003 -0.5415738278763029 0.059893259259024924 0.008674630697944503 0.9981670697788637 21.125622390850463 0.0 0.0 0.0 1.0
0.9972255821539113 -0.03580416484783531 -0.06526002074983553 2.9060880011213484 0.03570981901797451 0.9993587262127893 -0.0026109064367777967 -0.5550136041951076 0.06531172467809765 0.00027328011090301804 0.9978648479532191 21.308441703282146 0.0 0.0 0.0 1.0
0.9973692575152674 -0.015348035535260237 -0.0708429870952441 2.8845073324773343 0.01547154177457899 0.9998795673823915 0.0011959562288806885 -0.5650813123614434 0.07081617972294958 -0.0022888185104309863 0.9974867377330406 21.52353385613616 0.0 0.0 0.0 1.0
0.9970565435683593 -0.018242374619883733 -0.07446592915861686 2.88015873922981 0.018197597348271942 0.999833582469907 -0.001278886386682584 -0.5624694456004858 0.07447693257089864 -7.993685684188277e-05 0.9972226975759488 21.669807970808414 0.0 0.0 0.0 1.0
0.9969291154090356 -0.01656672837521225 -0.07653458655661681 2.878620013554424 0.015344038000720771 0.9997455078280039 -0.01653529904863218 -0.5590159508367408 0.07678912439594028 0.015310214771025428 0.9969297889791324 21.836647445902695 0.0 0.0 0.0 1.0
0.9962069444703526 -0.00353946826468535 -0.08694191148466425 2.890399272254557 0.0032357191921562984 0.9999881179776642 -0.0036335634846037653 -0.5771106755926881 0.08695381943063406 0.0033385045194600006 0.9962067449604745 22.0147744904526 0.0 0.0 0.0 1.0
0.996461253373558 -0.0014412314433251668 -0.08403933461660006 2.8592179859405604 0.0008221522741085719 0.9999722366674526 -0.007399831414893664 -0.5854656501792738 0.08404773582618236 0.007304597020227504 0.9964349032452063 22.239395121550654 0.0 0.0 0.0 1.0
0.9955609855220401 -0.004814940536722885 -0.09399350596791878 2.875820952587568 0.004769882142957369 0.9999883588739765 -0.0007032819646460948 -0.6047941501404825 0.09399586722942402 0.00025186491720497915 0.9955725002882013 22.41927249935959 0.0 0.0 0.0 1.0
0.994839864953329 -0.021558643481915565 -0.09913934793175164 2.8608090474904473 0.02201643354623902 0.9997513298542146 0.0035264736024543733 -0.600133196359525 0.09903874914507073 -0.0056909300825476105 0.99506727894135 22.573725563027125 0.0 0.0 0.0 1.0
0.9946053032358928 0.0004914216261352601 -0.10372935245940619 2.8450217265294615 -0.0011008214090535988 0.9999824250653707 -0.005817046332614752 -0.6045637619417764 0.10372474924585537 0.005899896803977597 0.9945885038220987 22.764245419141325 0.0 0.0 0.0 1.0
0.9941457256254926 -0.012309030378789134 -0.10734253189823004 2.839361798331542 0.012020871156454175 0.9999221759146003 -0.0033304852379545387 -0.6146530005968068 0.1073752407915342 0.0020206798524915475 0.9942164830454282 22.915904847733305 0.0 0.0 0.0 1.0
0.9934516027242912 -0.014035340011812272 -0.11338699350858948 2.8308485607162583 0.012864430517343938 0.9998561309249755 -0.011051184389719023 -0.602663884617094 0.11352586055281329 0.009520202879578998 0.993489411539442 23.076246655354765 0.0 0.0 0.0 1.0
0.9922115600467194 -0.005972243103391452 -0.12441944954499701 2.808482014632632 0.0052625354579950425 0.9999679481831247 -0.006031462248134233 -0.6139562491506573 0.12445156552703893 0.005329768402360552 0.992211344545098 23.26815048947352 0.0 0.0 0.0 1.0
0.9923892468974989 0.003427034482090338 -0.12309137058897116 2.782471794940406 -0.0036701481730462048 0.999991708764771 -0.001747787118577374 -0.6362173691096206 0.12308442880194433 0.0021862921992633192 0.9923937410127724 23.46231046347973 0.0 0.0 0.0 1.0
0.9925492955438971 0.011074011934724739 -0.12133805403588858 2.784456539299775 -0.007522570507907679 0.9995308513391911 0.029688671923247544 -0.6500667303415726 0.12160997878969554 -0.0285546565782073 0.9921670925488846 23.62336941953399 0.0 0.0 0.0 1.0
0.9909500937367659 -0.014341287735042278 -0.13346146972813108 2.776551676318256 0.014623030903883977 0.9998924105914053 0.0011315706829035813 -0.6465055166856977 0.13343096005248187 -0.0030728994584701 0.9910533002995046 23.681047368800716 0.0 0.0 0.0 1.0
0.9909309643342283 -0.009014444060577805 -0.13406822166294854 2.7675973123526765 0.00986174657472565 0.999935298951948 0.00565771918532756 -0.6427923471123473 0.13400862623489163 -0.006928514164163984 0.9909559378089258 23.7424232445388 0.0 0.0 0.0 1.0
0.9910815377476369 -0.008900367704389442 -0.13295827017602965 2.743159890450224 0.009763316128517111 0.9999352414738504 0.0058403483349840244 -0.6498591153744531 0.13289776623568697 -0.0070863333442153995 0.9911044100137915 23.775041240300578 0.0 0.0 0.0 1.0
0.9910302283463582 -0.008497132385003322 -0.13336647717870315 2.7474839298576033 0.009098929117868023 0.9999509452497218 0.003904051318369387 -0.6480537892561405 0.1333268429695067 -0.005082483185343925 0.9910590755243855 23.792376776166783 0.0 0.0 0.0 1.0
0.9910171635321218 -0.009258699015909293 -0.13341254936178668 2.7383975401624605 0.009766151330306639 0.9999472891523133 0.0031502583188252873 -0.6476044502126173 0.1333764123486837 -0.004424845316546042 0.9910555325936852 23.78631180031379 0.0 0.0 0.0 1.0
0.991093869200264 -0.008948100160165328 -0.13286313791864685 2.7153745113019006 0.008077693128011945 0.9999422036073363 -0.007088193604304155 -0.6545527617846565 0.13291896086594512 0.005951881105360735 0.9911090104229162 23.812014831342154 0.0 0.0 0.0 1.0
0.992044233805348 -0.01085934766870007 -0.1254193255404351 2.7306208886318437 0.010535608156361235 0.9999391869589347 -0.0032437364567845226 -0.6603183271410601 0.12544700689644137 0.0018966041419270659 0.992098477220573 23.894357982890966 0.0 0.0 0.0 1.0
0.9952657279398103 -0.003417994427706114 -0.09712958408576887 2.749930646180287 0.003454795211445933 0.9999939811141937 0.0002114370766454569 -0.6550059772066481 0.0971283542951015 -0.0005459560318463023 0.9952717139630458 24.020712162868826 0.0 0.0 0.0 1.0
0.9991668842846145 -0.012958791620514696 -0.03869465842405792 2.7257486671619313 0.013325755740035196 0.9998684667336756 0.009242595078480537 -0.670898456175941 0.03856986228617695 -0.009750489194700262 0.999208325447922 24.16101663836416 0.0 0.0 0.0 1.0
0.9998294451375529 -0.016403288639327832 0.008466888733403606 2.7176516470337857 0.016341013649133984 0.9998393033674103 0.00736445788740913 -0.6880270948369716 -0.00858627204937098 -0.007224803084201319 0.9999369873276572 24.299134588498937 0.0 0.0 0.0 1.0
0.9999779525643092 -0.0066102851484248935 -0.00035560298466699307 2.7173008713093183 0.006615347879770225 0.9998305465889803 0.017177924663161377 -0.6851737729292589 0.0002420502183148032 -0.01717985745739228 0.9998523640111643 24.516232527963613 0.0 0.0 0.0 1.0
0.9998474585488485 -0.01711273567969506 -0.0034515252706523213 2.743846137396572 0.017257058467360843 0.9987278092882803 0.047379654851352336 -0.7026340431430801 0.0026363980005575847 -0.0474319581524512 0.998870942836872 24.668513784930465 0.0 0.0 0.0 1.0
0.9998593813154406 -0.014731487351434262 -0.007993093131877604 2.6938182740470835 0.014811918806450879 0.9998391661876107 0.010107425643790767 -0.6814764377214199 0.007842971574768303 -0.01022435640154952 0.9999169686233181 24.738248475723296 0.0 0.0 0.0 1.0
0.9999077810939322 -0.011310955698079982 -0.007499087091250169 2.6998556543576546 0.011433888420196915 0.9997973106679497 0.0165675876002492 -0.6914691218644771 0.007310231754472877 -0.016651762968732633 0.9998345707446535 24.797979734106484 0.0 0.0 0.0 1.0
0.999802156486217 -0.012805787902231342 -0.01520960056287268 2.7025698883679232 0.012927131718318368 0.9998851221137002 0.007911408378864804 -0.6790528454687683 0.015106603104808769 -0.008106418398581346 0.999853022065676 24.940420804925573 0.0 0.0 0.0 1.0
0.9994362748899334 -0.03060843226591821 -0.013780649892925803 2.7223530341115647 0.031111109097659247 0.9987978307873934 0.03787959393719171 -0.6944670709336258 0.012604708987131246 -0.03828693830518744 0.9991872413656224 25.114374963791967 0.0 0.0 0.0 1.0
0.9996759474297399 -0.011993566912581938 -0.022447749269700737 2.705180396689234 0.012136327271073147 0.9999068702185072 0.006237396354990727 -0.6800015226351716 0.022370911280478707 -0.006507767082610863 0.999728518526789 25.263455042125127 0.0 0.0 0.0 1.0
0.9996083418449734 -0.018514661812311806 -0.020978705617877097 2.7153184230188923 0.018921858931924187 0.9996330224039599 0.01938400681813863 -0.7055030409126578 0.020612183030120787 -0.019773332875169157 0.9995919439333452 25.417253651552603 0.0 0.0 0.0 1.0
0.9993913211537778 -0.022359082229574116 -0.026771151475176315 2.7112075349254083 0.022458977846018736 0.9997418170776002 0.003439189620241474 -0.6771922402224575 0.02668740517448943 -0.00403830806464391 0.9996356431232452 25.605426382979555 0.0 0.0 0.0 1.0
0.9993225966225363 -0.0140615834158409 -0.034004189189706116 2.7169249117638667 0.014389874679635825 0.9998519285539254 0.00943110643100318 -0.6860759965667333 0.033866604630916335 -0.00991399361316941 0.9993771430952852 25.725819162202946 0.0 0.0 0.0 1.0
0.9998405548221122 -0.016146825713854784 -0.007603517990634842 2.694326040208239 0.016254937433320123 0.9997643203747069 0.014387693729327907 -0.7041268812953064 0.007369469183730292 -0.014508954126063596 0.9998675469676214 25.93147728834153 0.0 0.0 0.0 1.0
0.9997337174594387 -0.006910581621211714 0.022010334001315704 2.6498241943206446 0.006526517604963423 0.9998260665941932 0.01747035393535013 -0.711572832796011 -0.022127180528784613 -0.017322013463693244 0.9996050711990659 26.098372364927474 0.0 0.0 0.0 1.0
0.9997584637279295 -0.015338371518734024 0.0157307184944833 2.680798150337988 0.015194882422823122 0.999842190463145 0.009196543228692804 -0.7053079467983951 -0.015869240403447157 -0.008955254740751458 0.9998339357683853 26.25786276716947 0.0 0.0 0.0 1.0
0.9994434770895608 -0.011767968720752638 0.031208680097119506 2.6684667084190443 0.011266106463791595 0.9998051561310267 0.016206007890739928 -0.7270965653869438 -0.03139325906231767 -0.015845349241862847 0.9993815015236903 26.454737498167976 0.0 0.0 0.0 1.0
0.9949200607543938 -0.031542017070195924 0.09559743042632396 2.6677645974909967 0.030341364246924723 0.9994417041197019 0.0139868287000162 -0.7113466279959167 -0.0959851805187868 -0.011015180279188682 0.995321811179495 26.61615356248608 0.0 0.0 0.0 1.0
0.9949842586582874 -0.02869470179237403 0.09582587425884166 2.6678438925366974 0.02694627663313057 0.9994468058246481 0.019489885729243157 -0.729900032506248 -0.09633208440128496 -0.016809939714833185 0.995207248858033 26.823186601913026 0.0 0.0 0.0 1.0
0.9965322322836505 -0.0178437922802467 0.08126986739832819 2.7331286216123885 0.016141488565773077 0.9996373444131801 0.021554541194505845 -0.7288343822825842 -0.08162495694308508 -0.020167941084557193 0.9964590415090351 27.006712705585294 0.0 0.0 0.0 1.0
0.9997209442056174 -0.022846024483374503 0.005978539756964489 2.7559081130415244 0.022823117509612502 0.9997320466551712 0.0038607917600924193 -0.7014441229911431 -0.00606508267570459 -0.0037232243760692563 0.9999746738668601 27.131570983233964 0.0 0.0 0.0 1.0
0.9995906580208408 -0.013768946397585349 -0.025071297226820596 2.7775139292420326 0.013745280832890066 0.9999048824048749 -0.0011132593987082406 -0.6860676015876522 0.0250843042766739 0.0007682341388988905 0.9996850156590611 27.317936686051517 0.0 0.0 0.0 1.0
0.9990926392167477 -0.03230543960473603 -0.027748854588654358 2.7955450401792894 0.03224403035953973 0.9994764854226373 -0.002655391751516403 -0.6992939187052651 0.027820172557046254 0.0017582891256942422 0.9996113630563553 27.507909216317252 0.0 0.0 0.0 1.0
0.9993258702510966 -0.010606956838423002 -0.035143252128915975 2.8271115844615 0.010815254073803545 0.9999249526021348 0.00574427834397478 -0.707752665442112 0.03507975689939444 -0.006120447656617705 0.9993657691257974 27.651049812445912 0.0 0.0 0.0 1.0
0.9988280135310815 -0.028784089558899034 -0.038907861685992445 2.860079749588175 0.02887236873177486 0.9995815810926015 0.0017105295923148913 -0.7041440445812339 0.038842414076739364 -0.002831845818970759 0.9992412977468191 27.806073560595358 0.0 0.0 0.0 1.0
0.9986622406787832 -0.01905916809124833 -0.048064021634008594 2.8799205700970547 0.01993970652869252 0.999640731905831 0.017909105751860218 -0.71229978282104 0.04770548878200508 -0.01884349031274395 0.9986836413376466 27.96825769853494 0.0 0.0 0.0 1.0
0.9985837489096882 -0.022064847004380283 -0.048408101018453595 2.893140096196372 0.02291248739069021 0.9995924447780891 0.017027207834062533 -0.7218858792146998 0.048012736354387006 -0.018112203339083543 0.9986824500659485 28.07315261096301 0.0 0.0 0.0 1.0
