-0.5826407372717103 -0.018411630043841755 -0.8125211753905848 0.49044629451765553 -0.09458411061514477 0.9944861781028358 0.04528921305854762 0.5186867680480327 0.8072072562850273 0.10323894071734589 -0.5811697448095942 -4.206942646007526 0.0 0.0 0.0 1.0
-0.584514303306934 -0.018443697239926737 -0.8111738018186772 0.510027387617111 -0.09466452753581704 0.9944642198478578 0.045602017831064275 0.5254694456844962 0.8058422175219403 0.10344441298420066 -0.583024504578054 -4.252298825456843 0.0 0.0 0.0 1.0
-0.5845743401769138 -0.01872796285514717 -0.8111238381152296 0.49934532025716855 -0.09437277064769653 0.9945170167061035 0.04505185737751939 0.5231327526983762 0.8058327353498952 0.10288418166721458 -0.5831365258273598 -4.233427936633904 0.0 0.0 0.0 1.0
-0.5849685871102945 -0.01862491540016479 -0.8108421200772925 0.4930823378615527 -0.09366382215129933 0.9945987146629275 0.044726439517977126 0.52255552060732 0.8056295198263433 0.10211012751406238 -0.5835535359391985 -4.220980565346634 0.0 0.0 0.0 1.0
-0.585091766869507 -0.01911782447317206 -0.8107417542559141 0.4927231072746936 -0.09538535171558704 0.9944051297282247 0.04538846126735396 0.5184003735362481 0.80533803307541 0.10388929516369902 -0.5836417822616907 -4.225240472655861 0.0 0.0 0.0 1.0
-0.5817535857177043 -0.019308765470675622 -0.8131359370895482 0.4639102957645536 -0.09483747236837964 0.9945094913909026 0.04423526605090308 0.5216102330505485 0.8078172956051762 0.1028497792996004 -0.5803906295625227 -4.2066209875864145 0.0 0.0 0.0 1.0
-0.5798229596098265 -0.01870323779675923 -0.8145280480376177 0.46252774265578006 -0.09511605116542934 0.9944542648170382 0.04487375704721822 0.5170949961207193 0.809171597264244 0.1034935066977572 -0.5783863003755753 -4.2123758896985715 0.0 0.0 0.0 1.0
-0.5835022767545597 -0.018585056547965533 -0.811898854091385 0.5289643544393073 -0.09458379455129254 0.9944897283887979 0.04521155776915263 0.5342360067595282 0.8065847625395771 0.10317351815420753 -0.5820449087944839 -4.293022607502614 0.0 0.0 0.0 1.0
-0.5866951737710682 -0.018091290314152544 -0.8096058040952453 0.47883083435423973 -0.09413432990779529 0.9944965330923532 0.0459932821438744 0.5117171227643452 0.8043180709891394 0.10319573524505182 -0.5851692364788196 -4.217471100101707 0.0 0.0 0.0 1.0
-0.5877865574682016 -0.017902843987485685 -0.8088181207459 0.5008134146024402 -0.09431984376445375 0.9944538826810608 0.04653255779180262 0.5107053059465242 0.8034993026793669 0.10363880230972909 -0.5862151553552031 -4.270767084315328 0.0 0.0 0.0 1.0
-0.5884122599225516 -0.018451850320371686 -0.8083504049117942 0.49935005109629155 -0.09271086247665251 0.994685558129478 0.04478061403517087 0.5223995299266061 0.8032281822828777 0.10129233359837622 -0.5869959315384198 -4.297028677279004 0.0 0.0 0.0 1.0
-0.5872987358471449 -0.018206958719097492 -0.8091653818495007 0.47596576533738816 -0.09383495135919917 0.994537035805564 0.04572817387129191 0.5181736850462306 0.8039123894011788 0.10278409884810757 -0.5857987525450791 -4.2803470693383305 0.0 0.0 0.0 1.0
-0.5873979781891294 -0.018214997460071543 -0.809093197215399 0.48361769837653606 -0.09331574378586638 0.9946029470612029 0.04535546865702742 0.5174780083916556 0.8039003616663294 0.10214284798481348 -0.5859276177171984 -4.266911083355902 0.0 0.0 0.0 1.0
-0.5908890146050332 -0.019398217955026987 -0.8065197076716604 0.5305773355161031 -0.09403355978889216 0.9945527418380073 0.044972043194166575 0.503633251261788 0.8012540039614735 0.10241339315257675 -0.5894942713553543 -4.256442717396235 0.0 0.0 0.0 1.0
-0.5850182866585518 -0.01754909769994339 -0.8108301699330862 0.5194953792071568 -0.09268204322665378 0.9946627670549826 0.045342747879294536 0.5249160928241651 0.8057068442007298 0.101675728662572 -0.5835224898029635 -4.274835246795638 0.0 0.0 0.0 1.0
-0.5867656845661157 -0.0192557664107245 -0.809527771004779 0.545119616363604 -0.09413269057381454 0.9945613620595938 0.044572645015481326 0.5325788697317002 0.804266707187004 0.10235673013832026 -0.5853871293582168 -4.339382051565155 0.0 0.0 0.0 1.0
-0.586091524745259 -0.019154817778149084 -0.8100184820961311 0.5470098153138169 -0.09419633430185441 0.9945524338277293 0.044637495378173235 0.5369973331746015 0.8047507377671056 0.10246242818552415 -0.5847029190123267 -4.355689722684809 0.0 0.0 0.0 1.0
-0.5860129836716867 -0.019055549335471544 -0.810077489984141 0.5280082858671205 -0.09308131299717756 0.9946886112459793 0.04393717883939528 0.5315091880131653 0.8049376361986766 0.10115084169044586 -0.5846740250048857 -4.349269221829753 0.0 0.0 0.0 1.0
-0.5864723338316704 -0.0186463863178871 -0.8097546093511876 0.557100915854432 -0.0939883975734704 0.9945480775836127 0.045170314759308605 0.525014577020178 0.8044975510880156 0.10259867529301218 -0.5850275221920704 -4.361465229833665 0.0 0.0 0.0 1.0
-0.5866616551029512 -0.01842274624533846 -0.8096224637156699 0.5226528215127785 -0.09297655793125945 0.9946626870863873 0.04473859435013165 0.52500893999951 0.8044770253385944 0.10152233526548893 -0.5852432341278249 -4.323724426417514 0.0 0.0 0.0 1.0
-0.5848169024411624 -0.018248058198923455 -0.810960019213897 0.5260714953294551 -0.09344829929044819 0.9946062552792373 0.045009016255101786 0.5276998280160792 0.805764581947821 0.10210486403295761 -0.583367804959537 -4.368186760747508 0.0 0.0 0.0 1.0
-0.5850069249147536 -0.017468303724872375 -0.8108401857899104 0.5354209707760083 -0.09333876638128166 0.9945751131667662 0.04591567473204961 0.5341417896923543 0.8056393942002503 0.10254380549357002 -0.5834637000677753 -4.389856480223081 0.0 0.0 0.0 1.0
-0.585956648890153 -0.018479250714317677 -0.810131725720898 0.5157179182614087 -0.09260353655234345 0.9947175572720499 0.044289116883348245 0.5396528806599484 0.8050338763370629 0.10097256646942718 -0.5845726159722666 -4.3614710188402706 0.0 0.0 0.0 1.0
-0.5859424143999877 -0.019258183428164172 -0.810123805421152 0.5175137760215328 -0.09245216876322444 0.9947786833595125 0.043220563186670335 0.538369079283771 0.8050615211894541 0.10022247064113403 -0.5846634026755716 -4.339306415285254 0.0 0.0 0.0 1.0
-0.5863567841195543 -0.01926833527950241 -0.8098236148901209 0.5563209115790174 -0.09311555842318403 0.994693480711323 0.04375379682231009 0.5338793832506886 0.8046832645401024 0.10106252173270469 -0.5850394883810515 -4.323842661318121 0.0 0.0 0.0 1.0
-0.5856886635011482 -0.018895584701142148 -0.8103156952809082 0.5553164499213981 -0.09443966924022887 0.9945098838007227 0.04506936489417504 0.5390878896603825 0.8050154124950821 0.10292257216127981 -0.5842577528070507 -4.406553652839717 0.0 0.0 0.0 1.0
-0.5854475420899776 -0.017944730723248183 -0.8105116197724731 0.5770135185667844 -0.09232556267767697 0.9947266030012225 0.04466520255315484 0.538614344172839 0.8054359991410307 0.1009800794250246 -0.5840169711672641 -4.386309491847943 0.0 0.0 0.0 1.0
-0.5833288933364547 -0.018053940653385548 -0.8120354725383452 0.5460252498789228 -0.09387034937932873 0.9945523780273859 0.04532030012752874 0.53484389249079 0.8067935958802951 0.10266269166155413 -0.5818459234409572 -4.362003058178895 0.0 0.0 0.0 1.0
-0.5837748047167859 -0.01870946001043817 -0.8117000665967362 0.5419355781579165 -0.09403688639833432 0.994564398062041 0.04470690085243437 0.54023084134993 0.8064515255681749 0.10242850166210021 -0.5823610609215316 -4.352458420758555 0.0 0.0 0.0 1.0
-0.5925738624266764 -0.024033395504616938 -0.8051575207863024 0.40373641774557495 -0.09156538673163947 0.9950856617234953 0.037687008225845524 0.4892238368075501 0.8002949974930146 0.09605690282515959 -0.5918624565261467 -4.14335040828984 0.0 0.0 0.0 1.0
-0.5951755651960365 -0.03015704964229119 -0.8030297235430226 0.3169122445493374 -0.09176581855249918 0.9953092669750551 0.03063546048915795 0.460757595651751 0.7983389985796556 0.0919241474891694 -0.5951511362710615 -4.111726748733332 0.0 0.0 0.0 1.0
-0.5813658477946786 -0.03860366270861948 -0.812726088707996 0.24679469436890913 -0.11073570510697041 0.9933336045580653 0.03203001995914507 0.45463112566427755 0.8060716987985929 0.10861894564727298 -0.5817650136249913 -4.164423586008916 0.0 0.0 0.0 1.0
-0.5937383356127418 -0.02154148249512319 -0.80436969106103 -0.02704159916761144 -0.09521661286859287 0.9944991227643997 0.04365004475009256 0.48040131537091335 0.7990046248860609 0.10250606332643013 -0.5925233457354971 -4.295580742526778 0.0 0.0 0.0 1.0
-0.5696570718643552 -0.03598283202483301 -0.8210945300719709 -0.34366933207036726 -0.09765582954017854 0.9949271810434671 0.024150726161921772 0.4147461829006898 0.816060236979222 0.09394228949607349 -0.5702812169024608 -4.354627301147116 0.0 0.0 0.0 1.0
-0.5035560768648449 -0.02830616723668463 -0.8634987186421924 -0.38623216903575874 -0.10270169629418742 0.9943376026373546 0.02729614126653046 0.4342639312874131 0.8578366319762859 0.10242791010997927 -0.5036119270560143 -4.41918859046814 0.0 0.0 0.0 1.0
-0.44852379743529025 -0.02685940082109509 -0.8933672119555665 -0.6719744061844216 -0.0903415585596212 0.9957914799479076 0.015418052515802723 0.38415215001836756 0.8891932938738638 0.0876235445297002 -0.44906277547803736 -4.3190633680990125 0.0 0.0 0.0 1.0
-0.45377539471504064 -0.01566151760064554 -0.8909785697319585 -0.983929815676665 -0.08517284658930344 0.9960302793027419 0.025870410037060428 0.35777764406424456 0.8870364827312285 0.08762653025437347 -0.4533079606300612 -4.370065022119382 0.0 0.0 0.0 1.0
-0.4620400902697104 -0.015577750516464976 -0.886722299835143 -1.108129909052818 -0.09010081100347056 0.9954968217837948 0.02945971266733548 0.3749064647507034 0.8822703633764093 0.09350596371961534 -0.4613629397020892 -4.621352511334258 0.0 0.0 0.0 1.0
-0.46937116477814866 -0.024266437284550118 -0.8826673655300532 -1.1609952162766535 -0.0840373003876458 0.9963124989866132 0.017297271235244886 0.3183263855378037 0.8789927789556102 0.08229582770878854 -0.46967958109375874 -4.39962080565559 0.0 0.0 0.0 1.0
-0.4725076781561376 -0.021725319784109968 -0.8810586447874809 -1.2211384385061448 -0.08479189569437516 0.9961792449146256 0.02090951553946277 0.3019727272659568 0.8772380654206111 0.08458654910618425 -0.47254456994157407 -4.303085068768815 0.0 0.0 0.0 1.0
-0.4654457450063459 -0.024268279639654226 -0.8847435805626165 -1.203270007493913 -0.08950056377419484 0.9957905279877947 0.019770177572255437 0.3120924533472001 0.8805394436697296 0.08838699399234537 -0.4656585696824335 -4.370293130890983 0.0 0.0 0.0 1.0
-0.46664946760518056 -0.026272069264334216 -0.8840520565965944 -1.2420673629297185 -0.09036842229162322 0.9957437104640214 0.01810994299510792 0.31371241979143705 0.8798135045193199 0.08834138711184306 -0.46703752020753975 -4.41435010577509 0.0 0.0 0.0 1.0
-0.47068142910437094 -0.029036328549680766 -0.8818252361186051 -1.2421325627815032 -0.08458196456210686 0.9963401409248329 0.012339305991368251 0.31735648292244345 0.8782395444414091 0.08039440385860501 -0.47141479542790615 -4.385019627665123 0.0 0.0 0.0 1.0
-0.4694022017578497 -0.02742411890923481 -0.8825586407514615 -1.2266025753003564 -0.08551237319177442 0.9962312056108049 0.014524731231393136 0.317632194584319 0.8788341237066091 0.0822876121981421 -0.4699783690179545 -4.380880603953452 0.0 0.0 0.0 1.0
-0.4690307366215488 -0.027213673817168847 -0.8827622676518142 -1.2698511390951714 -0.08742211568870743 0.9960469343689462 0.015743284302567224 0.3086147108281831 0.8788442418100231 0.08455704177530933 -0.46955580531120833 -4.37732174326124 0.0 0.0 0.0 1.0
-0.4445440671418284 -0.024260116699771912 -0.8954284944507803 -1.2470279568384517 -0.08339793745761762 0.9964121754893855 0.014407603978168693 0.31422155039687133 0.8918663504660591 0.08108169559968899 -0.444972335366114 -4.438845197739687 0.0 0.0 0.0 1.0
-0.4171931165725546 -0.022101350504037883 -0.9085490066997534 -1.2088571105901327 -0.08506552752867913 0.9962650492336389 0.014825779666882928 0.2980671223928807 0.9048279575241952 0.08347140806355087 -0.4175149880429988 -4.327643554704505 0.0 0.0 0.0 1.0
-0.34964805968471085 -0.015506052219893563 -0.9367527100419581 -1.182225759550201 -0.07983554379140408 0.9967193218724503 0.01330037542718251 0.2710871112007565 0.9334732964206073 0.0794366198627565 -0.3497389175371779 -4.372942839719092 0.0 0.0 0.0 1.0
-0.2962459630699763 -0.01312781510919838 -0.9550214297605368 -1.0518201576258308 -0.07964311792362454 0.9967627226255188 0.011003562439393148 0.2530903041301218 0.951785331855407 0.07932064579410951 -0.29633242748480815 -4.404721962055468 0.0 0.0 0.0 1.0
-0.21924603716421187 -0.008527792448109023 -0.9756323605173923 -0.9745108169117941 -0.07620832276686272 0.9970564637059129 0.008410625824193406 0.24065180034529837 0.9726887715776592 0.0761953022220994 -0.2192505591043729 -4.3538099162343125 0.0 0.0 0.0 1.0
-0.12883247123074743 -0.00446232287503021 -0.9916563633547084 -0.9357501534262473 -0.06084444490766989 0.9981414417083381 0.003413185145176052 0.2385143282817021 0.9897980602065127 0.06077650639100243 -0.1288645296014146 -4.510548331212769 0.0 0.0 0.0 1.0
-0.10300608433568158 0.0010814428658831481 -0.9946800584672754 -0.9330001925985446 -0.05901593378161446 0.998231082969864 0.007196819935189025 0.2304209038860157 0.9929283022710651 0.05944329107739191 -0.10275995263379117 -4.5095716719992165 0.0 0.0 0.0 1.0
-0.05443973794647134 0.006271917663056627 -0.9984973506862997 -0.7186607504779212 -0.055946924383822504 0.9983902009600373 0.009321566634168868 0.18089140348277494 0.9969484017023961 0.056370321533381486 -0.05400124878528645 -4.42502257905414 0.0 0.0 0.0 1.0
0.028394107291835398 0.009854272083578485 -0.999548207613239 -0.70844836091223 -0.048902656922023884 0.998767750446908 0.008457403513698445 0.1948544168564141 0.9983998908242846 0.0486404251849669 0.028841014154700886 -4.6197301450033725 0.0 0.0 0.0 1.0
0.08052464983143354 0.008418116049076045 -0.9967169855841855 -0.5908106453835892 -0.049873446819488965 0.9987458544944842 0.004405985611169342 0.20223299325356 0.9955040681664188 0.049354927524313294 0.08084346241274354 -4.589344522313342 0.0 0.0 0.0 1.0
0.07812163060113551 0.008346734041927073 -0.9969089419177192 -0.6939887964572162 -0.046655017019438035 0.998899943799518 0.0047073381942087785 0.199465704074324 0.9958515316084485 0.046143058682200415 0.07842514523886744 -4.571489746778833 0.0 0.0 0.0 1.0
0.0779148914644265 0.00975795841217932 -0.996912336272078 -0.7046505020894708 -0.046473394134783554 0.9989005989568738 0.006145233457884498 0.1938800550226952 0.9958762349236294 0.04585109393689907 0.07828272670820392 -4.573083041492457 0.0 0.0 0.0 1.0
0.07923110385616133 0.010660710913960886 -0.9967992529473307 -0.7110093378560006 -0.045479622083688005 0.9989402858742727 0.007068639221889768 0.18588090686814535 0.9958182983845059 0.04477400064952084 0.07963190449336272 -4.583205088211808 0.0 0.0 0.0 1.0
0.10133532386727251 0.010499662252180856 -0.9947969031086468 -0.6786542270348106 -0.045277681404027964 0.9989568034529338 0.0059313402025538906 0.19380926863834594 0.993821464834599 0.044441042318353254 0.10170503685834019 -4.53522538599936 0.0 0.0 0.0 1.0
0.14937470592595115 0.012457893122569109 -0.9887021767491605 -0.708601346937609 -0.04423232794934701 0.9990038120059193 0.005905001941712617 0.18407920120864307 0.9877908680751223 0.0428505456099958 0.14977696866357978 -4.564065998575087 0.0 0.0 0.0 1.0
0.26498723711761035 0.013179851810989627 -0.9641611328497293 -0.9509253629445933 -0.04564524176117073 0.9989571121452058 0.0011105649847696084 0.13862963276003312 0.9631707817732077 0.04371512112890176 0.2653125297959843 -5.409847474109471 0.0 0.0 0.0 1.0
0.30258828694515466 0.015805260417739386 -0.9529896311329394 -0.9204573663802058 -0.048392774882425826 0.998827724594123 0.0012001245012247192 0.14241712879630686 0.9518919443690081 0.04575470573132647 0.30299840397030026 -5.440107875206518 0.0 0.0 0.0 1.0
0.3541805036469454 0.01713785957635002 -0.9350193604548604 -0.9541508933554541 -0.04394039398308484 0.999032825188352 0.0016668280714529796 0.14522013965925815 0.9341440837723286 0.04049480113723035 0.35459097909306414 -5.382390507909035 0.0 0.0 0.0 1.0
0.4122259321518446 0.021364808328459287 -0.9108304088978804 -0.931070495844067 -0.04089238192078053 0.9991514086055688 0.0049293893464367215 0.14138958874299384 0.9101634217388658 0.035214034112924945 0.4127499073566091 -5.521993653336126 0.0 0.0 0.0 1.0
0.4812836843966137 0.019065211512734437 -0.8763567264402642 -0.9896219246602465 -0.04191704832391904 0.9991202998233435 -0.00128428142927292 0.14364898782331448 0.8755619274202235 0.037352422027651495 0.481659616642968 -5.482855013018023 0.0 0.0 0.0 1.0
0.5513900522731672 0.015006818604885355 -0.8341118752152014 -1.0715212688458764 -0.034935409974877096 0.9993765518038653 -0.00511384032642335 0.17403380551700287 0.8335155666916565 0.031959787341582536 0.5515707326713024 -5.500530588127983 0.0 0.0 0.0 1.0
0.5929206415188338 0.014994602257915757 -0.8051204429782791 -1.081120456448342 -0.032719828387652944 0.9994495732850224 -0.005482225739671397 0.1716131016206587 0.804595553221406 0.02959395572359533 0.5930851307752367 -5.538904195053416 0.0 0.0 0.0 1.0
0.6390481965885807 0.02236300931008996 -0.7688406504687129 -1.1154295962423175 -0.03848401500391039 0.9992549741746423 -0.0029222311845075234 0.18226235759102982 0.7682030300020072 0.03145555234126773 0.6394329437021957 -5.524050191106806 0.0 0.0 0.0 1.0
0.6884842389295723 0.029979946004858083 -0.7246305254862836 -1.176595569407938 -0.04455954502386734 0.9990062536631878 -0.0010051070245597467 0.16634997660396458 0.7238807319623867 0.03298123670270301 0.6891362537119075 -5.567963402729258 0.0 0.0 0.0 1.0
0.7441440612136154 0.026836038989345657 -0.6674789020111704 -1.2739822768914828 -0.04229419789432769 0.9990808252252323 -0.006983807552035881 0.2040041979039353 0.6666784612535197 0.0334274799692797 0.7445953830516941 -5.603625017250471 0.0 0.0 0.0 1.0
0.7870477931332288 0.029226255201835458 -0.6161982661714756 -1.1376703955887755 -0.03947805716798178 0.9992158774153485 -0.0030310317260072066 0.19405623957886686 0.6156269864119658 0.026711906296301657 0.7875847554723294 -5.558562040354757 0.0 0.0 0.0 1.0
0.8250032939733678 0.02516338812697908 -0.5645662452677205 -1.0972650993864315 -0.03392005117079838 0.9994119462686594 -0.005022443192129509 0.21365503399367886 0.5641083246362545 0.023293675255132405 0.825372096062783 -5.579242730301035 0.0 0.0 0.0 1.0
0.863190664877653 0.02561065016246927 -0.5042268238200066 -1.1517819183087767 -0.03469478675937214 0.999360717215824 -0.008634761824512805 0.20387886103162067 0.5036837362266313 0.02494751552315498 0.8635277452838267 -5.597069340342049 0.0 0.0 0.0 1.0
0.89946383182463 0.02602787085114972 -0.43621785135961993 -1.1121613473958734 -0.03207749195249077 0.9994642145134819 -0.006507199558953666 0.18761765764415714 0.43581515558486034 0.01984578955914048 0.8998173151459206 -5.650844946437041 0.0 0.0 0.0 1.0
0.9278764718777226 0.020958306996302994 -0.3722964960228391 -1.091276655910339 -0.024516700325055252 0.9996878093674609 -0.004825844090395599 0.20243093382227006 0.372079498017333 0.013605289660764481 0.9281010618673596 -5.774975858884698 0.0 0.0 0.0 1.0
0.9534395287263472 0.01941708140868841 -0.3009563068294754 -1.095312018677157 -0.019928963115794698 0.9998005272438558 0.0013696527151604862 0.1819123634014912 0.3009231628036214 0.004691882608930942 0.9536367503109429 -5.839204556176981 0.0 0.0 0.0 1.0
0.9729204355630244 0.01804235683248539 -0.23043202746282124 -1.1205073223681747 -0.017873083068038243 0.9998363065494804 0.0028224160133174373 0.19745985890882284 0.23044550236119413 0.0013725581768271808 0.973084184902427 -5.600631130200349 0.0 0.0 0.0 1.0
0.985886955144156 0.015855761107066005 -0.16665601318486528 -1.0536098349254113 -0.01552496678295784 0.999874123148265 0.0032879963195234373 0.1907523234358804 0.16668740741785892 -0.0006542513002523666 0.9860095175863227 -5.619887922713214 0.0 0.0 0.0 1.0
0.9949543412968112 0.017795354524351503 -0.0987314615433343 -1.075913379123961 -0.01785333486441864 0.9998406377503577 0.00029703319824462903 0.1906903863407406 0.09872121468809265 0.001467165332218203 0.995113983974427 -5.387437247980281 0.0 0.0 0.0 1.0
0.9965325030524009 0.014995770565133262 -0.08183340856170054 -1.1565240261256649 -0.014559297411142603 0.9998764536066462 0.005928698855470553 0.17787505214696342 0.08191239533341245 -0.004716696078523868 0.9966283096152253 -5.379059654284903 0.0 0.0 0.0 1.0
0.9962631547517162 0.015371611624575402 -0.08498320451638573 -1.105201280401682 -0.014821720710513464 0.999864966108062 0.007098617292365244 0.1784776146569882 0.08508104101817271 -0.005812484595501467 0.9963570363792358 -5.4074769393308175 0.0 0.0 0.0 1.0
0.9961643151247854 0.016036549212686588 -0.08601284192289768 -1.1105856489928145 -0.015450096167829185 0.9998526901498168 0.007480437076190971 0.1779126622443372 0.08612032977219995 -0.0061228282044492105 0.9962658601637625 -5.415027184715562 0.0 0.0 0.0 1.0
0.9962821765016049 0.015697601763154403 -0.08469977601417078 -1.1259980949429262 -0.015124190084593897 0.9998582466213456 0.007408219554625369 0.17554572082158748 0.08480425737571294 -0.006099651660410019 0.9963788654280024 -5.448545143912071 0.0 0.0 0.0 1.0
0.9955102586964145 0.019169705524077606 -0.09268486443372226 -1.0560269610325863 -0.01913608361823608 0.9998161651146291 0.0012523483552237973 0.18459512645521547 0.09269202100201822 0.0005269129586298486 0.9956946288225187 -5.35655959784536 0.0 0.0 0.0 1.0
0.998276992133814 0.017419315769790694 -0.05602051434381368 -1.1330440798492505 -0.01749934550132934 0.999846467254384 -0.000937005071821397 0.19938555860137475 0.055995777074152736 0.0019157259343530442 0.9984290815595421 -5.243384643465392 0.0 0.0 0.0 1.0
0.9998809434560897 0.014852438362799434 0.004015003612738359 -1.0799500270746794 -0.01483629198404724 0.9998817975043287 -0.004039221405108314 0.19483000074603263 -0.004074405668921777 0.003979186840060784 0.999983726945343 -4.9932749757733195 0.0 0.0 0.0 1.0
0.99610520877224 0.02050100630592021 0.08574835520054652 -1.092816064461739 -0.02009264968291061 0.9997823713343061 -0.0056235605209663635 0.20195768747474857 -0.08584490040239662 0.0038787615842067044 0.9963009177772153 -4.980807488893205 0.0 0.0 0.0 1.0
0.9837457792115692 0.0032426843064726828 0.17953392526236964 -1.1395899502322393 -0.004190966119572248 0.999979242129157 0.004902512370294498 0.17446187651207062 -0.1795142907634109 -0.005575239002326497 0.9837394792021263 -4.680026012448177 0.0 0.0 0.0 1.0
0.9647348560910269 0.009345564506912582 0.26305502647973583 -0.9590085065042564 -0.0103026320215169 0.9999444141265834 0.002258853471490817 0.17396841035055502 -0.2630192953670734 -0.004889344255447101 0.9647781208321375 -4.356541142657562 0.0 0.0 0.0 1.0
0.9399146670020667 -0.012123893320343394 0.3411921626689827 -0.9264039646856981 0.005218895363475271 0.9997627478989283 0.02114831810494052 0.1330443303768472 -0.3413676699128467 -0.01809696927339384 0.9397555015454263 -4.444598506421414 0.0 0.0 0.0 1.0
0.9258246119831413 0.010033581458238653 0.37781847081216546 -0.8328170103173913 -0.012686507020062692 0.9999092707568941 0.004533257527743385 0.14226510265501652 -0.37773881521121644 -0.008990192372112326 0.9258684792840873 -4.237021586621523 0.0 0.0 0.0 1.0
0.9285067943414557 0.0052859634330510346 0.3712760390098808 -0.6987866959904757 -0.009808033362920117 0.999898980189203 0.010292437949992279 0.1398060481207976 -0.3711841272949412 -0.013198082411767339 0.9284653697024574 -3.9792647600958264 0.0 0.0 0.0 1.0
0.9291302254191733 -0.0020845755301663453 0.3697449182592651 -0.5839993131559954 0.0012763095896774414 0.9999962891455205 0.0024304552546382074 0.15836022215267354 -0.3697486065601117 -0.0017862914383532389 0.9291300323881959 -3.704560329992166 0.0 0.0 0.0 1.0
0.931106408705384 -0.018095712231621198 0.3642965867880335 -0.5066463971494657 0.013954781024313793 0.9998046914215256 0.013996091871246792 0.1250341448103953 -0.364478836806252 -0.007948167365091933 0.9311776467312428 -3.5463779995401907 0.0 0.0 0.0 1.0
0.9342778431595787 0.000355431359136115 0.35654385961809604 -0.5177247572030031 -0.0020939689971008098 0.9999877496506493 0.004489943816255115 0.1429593327746118 -0.356537937466995 -0.004941438684010546 0.9342676892108889 -3.227705525721059 0.0 0.0 0.0 1.0
0.9337675610651962 0.00019483456224950288 0.3578782042406085 -0.44488715512360966 -0.002617663139542379 0.9999768814856468 0.006285373822479029 0.14585308434274064 -0.3578687427230069 -0.00680587655031557 0.9337470245439171 -3.0510899521492862 0.0 0.0 0.0 1.0
0.9346299457997881 -0.010295086824696776 0.355470857014264 -0.3080295785863737 0.006689539485721579 0.9999130004568181 0.011370511541865724 0.1281282002102996 -0.3555570276382051 -0.00824927806837722 0.934618074196958 -2.9578815247756314 0.0 0.0 0.0 1.0
0.9502672102057285 0.007354870210085541 0.31134676867201533 -0.2030095193854986 -0.008709216621280505 0.9999577547427286 0.002959605598891536 0.15030531697633076 -0.31131189972473106 -0.005523995212333691 0.9502916468520598 -2.818736872864007 0.0 0.0 0.0 1.0
0.9753465355506387 0.0023200288015647113 0.22066355529165593 0.03136369689423302 -0.006133557773761897 0.999843466512765 0.01659820757774628 0.12091741213613931 -0.2205904949038532 -0.017542456530320848 0.9752086946018662 -2.7947816775401164 0.0 0.0 0.0 1.0
0.9932292221374117 0.005547986428721411 0.11603277494183961 0.21926166704391323 -0.005652695084211646 0.9999838795218426 0.000572806487416337 0.12842414302141852 -0.11602764694631566 -0.0012248158761852617 0.9932451318868476 -2.5889625711063933 0.0 0.0 0.0 1.0
0.9999127347513074 0.007079865461237626 0.011094312451130536 0.2515866321163231 -0.007095963260180946 0.9999738545935265 0.0014063649023003937 0.12801745892801436 -0.01108392481860745 -0.0014849562180705067 0.9999373976065513 -2.3080210738653744 0.0 0.0 0.0 1.0
0.9950302929410639 0.013778194526140985 -0.09860775863736485 0.24994805284366278 -0.014726493224855735 0.9998520264890577 -0.00889474809733428 0.13781320280919296 0.09847081900562976 0.010302708342990552 0.9950865153952586 -2.0476774482442863 0.0 0.0 0.0 1.0
0.9876709768242524 0.008757689600823928 -0.15629465354987995 0.2280927578376077 -0.010595367381757 0.9998841847640991 -0.010928082210393862 0.12405618843819928 0.15618108131707725 0.012449367390113996 0.9876499069779512 -1.8056199058188442 0.0 0.0 0.0 1.0
0.988318869668239 0.007442484873841798 -0.1522140837804478 0.18591470545987757 -0.00841798669151559 0.9999479834902046 -0.005764884057274822 0.10694353563198378 0.15216349096527942 0.006978894500223072 0.9883306505796606 -1.5939974836545059 0.0 0.0 0.0 1.0
0.9934768353222413 -0.0007784499695721746 -0.11402558197641349 0.1442819832577281 0.00021903780156275283 0.9999879095789944 -0.004917941782917556 0.08265488098393778 0.11402824046724928 0.004860897759042733 0.9934655707688916 -1.2897037724964844 0.0 0.0 0.0 1.0
0.9950603348596946 0.010509568969980794 -0.098707203545191 0.11107794564903256 -0.011864876083349789 0.9998431440732856 -0.013152909181184764 0.08012489749608334 0.09855368449986393 0.014259106360536056 0.9950294896193953 -1.0124076300559963 0.0 0.0 0.0 1.0
0.9953299321266611 0.0025611513864577896 -0.09649060290829192 0.09820835389575769 -0.0022225811449039473 0.9999909993027783 0.0036168046293285076 0.058852583846683355 0.0964991969927694 -0.003385445988047707 0.9953272335520172 -0.7375549225997021 0.0 0.0 0.0 1.0
0.9983040912252097 0.007942793806410026 -0.05765860486743408 0.05821495783350811 -0.007977999766554309 0.9999681385813064 -0.0003792776434920526 0.05377828239087208 0.057653939166868944 0.00083864598844658 0.998336200556105 -0.44945231533030916 0.0 0.0 0.0 1.0
0.9994550007260664 0.0011001297914988017 -0.03297137934035813 0.060295632375187536 -0.0012739362281874158 0.9999854768894648 -0.005249057168954861 0.05202354864494752 0.03296527492265444 0.0052882132182260275 0.9994424609582662 -0.21892629869042435 0.0 0.0 0.0 1.0
0.9999835271155766 0.0038522809366628025 -0.0040906134986573115 0.016613249971249355 -0.003846222902656424 0.999991517287199 0.0015030939890511737 0.043634324774903505 0.004096521252392869 -0.0014873264157720765 0.9999904535546831 0.1232045792564389 0.0 0.0 0.0 1.0
0.9995696924559531 0.019424985038814267 0.021949339776256335 0.045151728939814284 -0.019171028291899178 0.9997474731006214 -0.011725259998137933 0.03825034330149597 -0.022171437998643177 0.011299442074621056 0.9996902779919071 0.39690259581325926 0.0 0.0 0.0 1.0
0.9997139325050737 0.001661369985040816 0.023830687867147395 0.0715250654778604 -0.0016865222754000855 0.9999980861732505 0.0010328282552531291 0.020519449777733817 -0.02382878786723069 -0.0010727141852006365 0.9997154116148891 0.6345499310343885 0.0 0.0 0.0 1.0
0.9987774398697693 0.011572370363742117 0.04804574502084133 0.04283669835489687 -0.011609507551947963 0.9999325100173593 0.0004925352595908111 0.016685970635046635 -0.04803670186022033 -0.0010497096718583953 0.9988449394443757 0.9208341140499505 0.0 0.0 0.0 1.0
0.9978162082072136 -0.0030692292897185162 0.06597014137370977 0.0853934184983543 0.0039000533368912216 0.9999146862093846 -0.012469714985447706 0.012100765430863261 -0.06592612040664517 0.012699787868086697 0.9977435952436184 1.108888866380291 0.0 0.0 0.0 1.0
0.9978372696983019 0.001741904374366393 0.06569976292335018 0.07758063797406348 -0.0027719955728376378 0.9998746573561511 0.01558989936955939 -0.026545559829448395 -0.06566425969936657 -0.015738299640716994 0.9977175611281389 1.4123788281689582 0.0 0.0 0.0 1.0
0.9984438962922535 -0.0002451090446397213 0.055753176677262144 0.1475912912755105 -0.0007189725760139811 0.9998506340536054 0.017270133313440454 -0.023981479119347754 -0.05574896528111328 -0.017283341365022707 0.9982951627223925 1.6170891829045337 0.0 0.0 0.0 1.0
0.9980626305223399 -0.011817810291743464 0.061073995258197136 0.12155537231998854 0.01094922466158364 0.9998344074429737 0.014536137186950225 -0.027503408847505878 -0.06123554452915801 -0.013839263603486938 0.9980273076575832 1.8967245019376362 0.0 0.0 0.0 1.0
0.9963747078585662 -0.005989365413219681 0.08485445243120919 0.14540563814302557 0.006043586805207456 0.9999817123117573 -0.00038279544750996134 -0.005302239010902793 -0.08485051750567127 0.0008942419789687565 0.9963932305297524 2.1226463878875284 0.0 0.0 0.0 1.0
0.9955440621060153 -0.0025267771166346594 0.0942567382560289 0.14787164702325073 0.0028557095929392868 0.9999903325619935 -0.0033556389175615946 -0.02775631264111167 -0.09424725544337069 0.0036098677846699494 0.9955422152715283 2.3647806786385397 0.0 0.0 0.0 1.0
0.9961074029340208 0.0010572361545588996 0.08813365188086462 0.18118288859950954 -0.0020055069275517054 0.9999410674350553 0.01067091289462826 -0.04398388973227621 -0.0881170824085823 -0.01080612602706109 0.9960514504011034 2.5666950439788314 0.0 0.0 0.0 1.0
0.9967925722440992 0.0011406503966294422 0.08001974264522281 0.2232840414858624 -0.0021852205397576018 0.9999137166081418 0.012966968151625052 -0.08888018482472343 -0.07999793141527416 -0.013100218843965436 0.9967089535655577 2.8723221142753204 0.0 0.0 0.0 1.0
0.9975062277312694 0.013278773689651661 0.0693171624648652 0.25513927978246326 -0.013109554136653262 0.9999100395649173 -0.0028963138487571186 -0.09113400965860258 -0.06934927318821017 0.001980392892709839 0.9975904901512773 3.069613662028546 0.0 0.0 0.0 1.0
0.9973384335472771 -0.00485058736101474 0.07274878405901933 0.1845544544480458 0.00444156750653141 0.9999735728414088 0.005782457628200256 -0.11787911271672435 -0.07277479440556521 -0.005443931925555807 0.997333598785364 3.208113869480899 0.0 0.0 0.0 1.0
0.9979581656316427 -0.004737866334402957 0.06369359018928913 0.2657891637037063 0.0037921030957821663 0.9998810672047851 0.014960627211006394 -0.1189605080185831 -0.06375677963890833 -0.01468853027336604 0.9978574138039253 3.4042556957777297 0.0 0.0 0.0 1.0
0.9993188995918022 -0.016675528439696916 0.032917571026576616 0.39977123930534797 0.01655165220381957 0.9998550230487199 0.004030867865895316 -0.10031898696618768 -0.03297990784954354 -0.0034832665610573647 0.9994499504444185 3.664429099677079 0.0 0.0 0.0 1.0
0.999404168115605 -0.015942932394974817 -0.030610746278178714 0.4168279973286106 0.015880069340748093 0.9998714207811846 -0.002294260293583416 -0.0879482213644816 0.030643495027158147 0.0018068086124419587 0.9995287786938697 3.9628950118009616 0.0 0.0 0.0 1.0
0.9981013647888756 -0.018803824211214352 -0.05865150967835511 0.4153743944528526 0.01886720463323376 0.9998220013378766 0.000527722315346481 -0.09689843939622655 0.05863125252239437 -0.0016332955658592896 0.9982783817251547 4.285125402508365 0.0 0.0 0.0 1.0
0.9977852420972116 -0.025950892376655595 -0.061245712550842844 0.4414379707556055 0.026211336284388865 0.9996506076774049 0.003453414093936234 -0.120977561128426 0.06113481293311323 -0.005051083486447443 0.998116749640817 4.5221269213535376 0.0 0.0 0.0 1.0
0.99748748397043 -0.009471779525456726 -0.07020597088406452 0.3978919464906786 0.010279026848292622 0.9998851711337414 0.011146545240163896 -0.1263849611062805 0.07009244121859239 -0.011840174229459783 0.9974702910935783 4.745222170696245 0.0 0.0 0.0 1.0
0.9971581082095514 -0.013038500793453811 -0.07419992456447819 0.3798804534545641 0.013073300066691091 0.9999147261183977 -1.609891433327339e-05 -0.1304173665093669 0.07419390249112912 -0.0009539687438245259 0.9972434253575344 4.936150336389039 0.0 0.0 0.0 1.0
0.9966822190285489 0.004780554329234218 -0.08125002934564293 0.3802403160896365 -0.005339652429254044 0.9999636771017951 -0.006664728113534586 -0.14605844842721266 0.08121534053871633 0.007076480596827958 0.9966714642818975 5.111554108578442 0.0 0.0 0.0 1.0
0.9968585725240147 0.0006140002070498873 -0.0791987548241613 0.3521566444719135 -8.537419015839498e-05 0.9999778793504155 0.006678476393182635 -0.18376038012536242 0.0792012213194281 -0.006650716941729402 0.9968364959211388 5.406302917797095 0.0 0.0 0.0 1.0
0.9966455283729446 0.0037523417637609973 -0.08175257689758408 0.3155363815341938 -0.0031328075162796146 0.9999655358950181 0.0077056899346462406 -0.17626290384488194 0.08177878970218945 -0.007423709436468532 0.9966228968155723 5.60900960498264 0.0 0.0 0.0 1.0
0.9964343699355545 -0.011413299453638002 -0.08359512909401166 0.3701538842380556 0.01206261406524422 0.9999010088104678 0.0072669339866285945 -0.17438719736559471 0.08350403018505104 -0.00824938159487644 0.996473347568049 5.795725210636638 0.0 0.0 0.0 1.0
0.9959963846944019 -0.004144531216682365 -0.08929690005174487 0.36062117899059126 0.0035679775920283473 0.9999719147455391 -0.006614742513823873 -0.14337973747251612 0.08932192421341772 0.006269666515362701 0.9959831298418839 5.9813077428675445 0.0 0.0 0.0 1.0
0.994798973710901 0.00685258527505145 -0.1016265265018654 0.34868099721611073 -0.007146850365170722 0.9999714404040984 -0.002531267686302985 -0.18027493804236774 0.10160638868485462 0.0032444299966470904 0.9948194141901776 6.173421022520883 0.0 0.0 0.0 1.0
0.9945824968435036 0.006503194626855896 -0.10374575205167168 0.2361529440270096 -0.006751429551927327 0.9999752865212398 -0.002041270789546122 -0.19502274690443297 0.10373000650445517 0.0027306626298765234 0.9946017825213932 6.463003910812107 0.0 0.0 0.0 1.0
0.9936661642352622 0.019723726399995388 -0.11062734428846203 0.28508920577364494 -0.019657357526475454 0.999805524508849 0.0016911423735132718 -0.20412619151706127 0.11063927607043385 0.0004942303454314752 0.9938605117450139 6.628033134569959 0.0 0.0 0.0 1.0
0.9935752486698375 0.007648493217436023 -0.1129142554653454 0.22801693535188833 -0.007376056101239624 0.9999689733327436 0.002830788166302645 -0.22030087689269637 0.11293251338990408 -0.0019797217588472206 0.9936007136486076 6.833184053091321 0.0 0.0 0.0 1.0
0.9923634925977628 0.012626722850809052 -0.12269950345646524 0.21469152525384516 -0.012147578176644273 0.9999155412857189 0.0046527541939529685 -0.21238364875356835 0.12274799295673924 -0.003126703229051259 0.9924329535896077 6.963644934066484 0.0 0.0 0.0 1.0
0.992370589864277 0.00076948244192023 -0.1232875992211093 0.22065053972698262 0.0014865386790682293 0.9998333216923894 0.018206190197132818 -0.2261549301856506 0.12328117049699229 -0.018250538279693963 0.9922039751147058 7.220215078365088 0.0 0.0 0.0 1.0
0.9919244395086647 -0.0002638046095625535 -0.12682925024600397 0.18360388797630284 0.0003045855115468467 1.0000000632487684 0.000302514195205962 -0.21420884646046606 0.12682928489801712 -0.0003386836959110262 0.9919245166694164 7.479324787635585 0.0 0.0 0.0 1.0
0.9913424736978185 0.003807634523700574 -0.13124591816005626 0.17884195102770273 -0.0030142431740251036 0.9999761103013955 0.006243568690347258 -0.23230936727599774 0.13126664748776395 -0.0057938900776758635 0.9913301855811651 7.639762643543103 0.0 0.0 0.0 1.0
0.9900849095437054 -0.0016506293947324722 -0.14046010914270265 0.1707033133425953 0.0017194166823251442 0.9999985944824389 0.0003686996797145703 -0.2312538561370594 0.14045940054154146 -0.0006065364749267157 0.9900863044831906 7.778490113703687 0.0 0.0 0.0 1.0
0.9904969471739193 0.014025649060175756 -0.1368173130556684 0.0925326167870471 -0.012831959710419668 0.9998716932934593 0.009603176837272954 -0.24791957444457638 0.136934566056586 -0.007756264237255129 0.9905497767137988 7.976969025062451 0.0 0.0 0.0 1.0
0.9892615308204313 0.0011490711715245758 -0.14615126379074234 0.057383081128404956 -0.001263519289648721 0.9999990940009151 -0.0006899329589949071 -0.25736781732600256 0.14615044747083408 0.0008672064614823331 0.9892620303180599 8.290921524933776 0.0 0.0 0.0 1.0
0.9884495828456993 0.012614458030870418 -0.15102387361044098 0.019178836520865994 -0.012474430894090855 0.9999205776474243 0.0018749170072015061 -0.2709072305525543 0.15103563227573333 3.0694628174286095e-05 0.9885283241492389 8.470106906887601 0.0 0.0 0.0 1.0
0.9948588204161567 -0.0005782276390175518 -0.10126952668010684 -0.040815667240578835 0.0007913197747211752 0.9999976930491834 0.002064504821657991 -0.2789808063690751 0.1012682130418172 -0.0021340095589615954 0.9948569000157904 8.714221695654222 0.0 0.0 0.0 1.0
0.999873882751916 -0.007404358694817934 -0.014043431242503714 -0.08539480130011934 0.007195104772777841 0.9998634089932352 -0.014889804807542425 -0.26785228860517896 0.01415186238521161 0.01478689824856995 0.9997905493943465 8.9747624472123 0.0 0.0 0.0 1.0
0.9975404609716237 -0.010404156627064398 0.06931541191802675 -0.06176126617924238 0.00967769046541012 0.99989492302689 0.010807532373558908 -0.30562734170465655 -0.0694204577724498 -0.010110119648626683 0.9975362858483159 9.345694238205088 0.0 0.0 0.0 1.0
0.9901126249215051 -0.0013616035487119293 0.1402676328196374 -0.03733599223259354 -4.3546817367665514e-05 0.9999500038508035 0.010013753961646584 -0.3018304441256926 -0.1402741468135455 -0.009920834231165807 0.9900630328856164 9.547683175640609 0.0 0.0 0.0 1.0
0.9908270220856156 -0.0003430159447647622 0.13513552658197553 0.024659010773282697 -0.0041162764726352 0.9994563382558945 0.032717532634535515 -0.3169001449643668 -0.1350731584911644 -0.03297365175768897 0.9902868272492628 9.726501524759152 0.0 0.0 0.0 1.0
0.9912688342106301 -0.007049907320377778 0.13166731270421655 0.02624290081914038 0.005742009422862243 0.9999305298859739 0.010310046200400927 -0.3069602533137244 -0.13173072946790246 -0.009463977134867504 0.9912403943078077 9.851830927042242 0.0 0.0 0.0 1.0
0.9914010955828558 0.0031279788540193075 0.13082049322305359 0.026146234180334738 -0.003611665127532799 0.9999876529021591 0.0034598707313079273 -0.30223633782805814 -0.1308079326922786 -0.003902582041383654 0.991400081453492 9.9161295314201 0.0 0.0 0.0 1.0
0.9913109629171143 0.002151165080499906 0.1315210436299673 0.03409411973586607 -0.002613887158426323 0.9999911746184709 0.003345342073041035 -0.3062278809128546 -0.1315125660756225 -0.0036600362227994267 0.9913077505141635 9.938603541075993 0.0 0.0 0.0 1.0
0.9913427919071022 -0.0005665657205094376 0.13129753640205782 0.03531076611931622 -2.5567261372976953e-05 0.9999899962454374 0.004507775019714145 -0.3096086290840086 -0.13129865842893182 -0.004472088350843571 0.9913327966647967 9.969764646775687 0.0 0.0 0.0 1.0
0.9914606758814105 0.0003994497663502159 0.13040502230645828 0.039153893741490475 -0.0007377045338363419 0.9999966597836449 0.002545226948151127 -0.312306778001778 -0.1304034474939026 -0.0026196757989157106 0.9914576050079253 9.977992794122489 0.0 0.0 0.0 1.0
0.9913734750582989 0.0005620128929008606 0.13106556937174416 0.03642476228010644 -0.0009277475188019984 0.9999960203493659 0.002729071256500512 -0.3122108565957068 -0.13106339825365343 -0.0028271081842507206 0.9913700020346194 9.980355809257732 0.0 0.0 0.0 1.0
0.9914392219127975 0.0008407717007972799 0.130565954845908 0.03755721469445372 -0.0011705356491105317 0.9999964486823941 0.0024485704683036916 -0.31192633799085645 -0.13056333171995818 -0.002580423707457538 0.991436619127418 9.959132717561793 0.0 0.0 0.0 1.0
0.9914238765396778 0.0009180931691214998 0.13068160212714572 0.03901445608874282 -0.0012438381837277905 0.9999964836581937 0.0024107036107899717 -0.3096360583745047 -0.13067882094143976 -0.002552557525030514 0.9914214941208104 9.957251814426522 0.0 0.0 0.0 1.0
0.9914150170233076 0.0007422014458288782 0.1307499873404211 0.03777338210775921 -0.0010638514973422971 0.9999967295613331 0.002389849247500704 -0.3112545216187764 -0.13074766396519644 -0.0025084146012429535 0.9914125520042965 9.957895266995417 0.0 0.0 0.0 1.0
0.991378038598605 0.0006268040331730822 0.13103072088728032 0.03597696665580119 -0.0009584221409607499 0.9999966505034352 0.002467438869069276 -0.31396913893237544 -0.13102862369543142 -0.002571731220680597 0.9913753058157151 9.9676369604585 0.0 0.0 0.0 1.0
0.9913807086661541 0.0005503897053152438 0.13101077221404192 0.03777849732422339 -0.0008789118219094449 0.9999967470460838 0.002449432510263923 -0.3131553343548962 -0.13100888767910018 -0.002543450090714721 0.9913779479951829 9.96451764575047 0.0 0.0 0.0 1.0
0.9919939887941633 0.0034101037163689154 0.12623861309026485 0.0326632012102972 -0.002407740292573328 0.999964512513589 -0.008092332279785605 -0.3116964769092788 -0.1262616100920538 0.007723612253989078 0.9919669507813696 9.971771704991859 0.0 0.0 0.0 1.0
0.991851590114641 0.007600730063475133 0.12717101859882146 0.02558491690266057 -0.0068036317890865445 0.999954560132348 -0.006701508881038535 -0.3098441011309229 -0.12721606277438158 0.005781695250988036 0.9918582355509097 10.041373617936891 0.0 0.0 0.0 1.0
0.9919329334384793 -0.0029321857940464145 0.12672943708261475 0.06721427246527834 0.002575740315744462 0.9999924239730843 0.0029760698000508936 -0.3116287642928302 -0.1267370816753761 -0.002625621725226004 0.9919329045869939 10.176215094148612 0.0 0.0 0.0 1.0
0.9917660606852642 0.0006691804563550599 0.1280606194195062 0.09447623199076272 -0.00026392216911976863 0.9999950678225914 -0.003181884734115098 -0.3150642261550823 -0.1280619938400194 0.003121904724153143 0.991761255326223 10.342279935366326 0.0 0.0 0.0 1.0
0.9917263144900061 -0.01584710701438062 0.12738760364115748 0.12855691088234317 0.014956269952154615 0.9998567266283074 0.007946330489691776 -0.3219578732649525 -0.12749516799991423 -0.00597532571631301 0.9918212325742315 10.534777797611671 0.0 0.0 0.0 1.0
0.9920090770380363 -0.012919624491207185 0.12550285713942716 0.14619021773276225 0.011628873388248782 0.9998718940598216 0.011011497869510063 -0.3272711667005023 -0.12562893645229273 -0.009464032810478555 0.9920322045029899 10.740281380116649 0.0 0.0 0.0 1.0
0.992664727652955 -0.023906304589988246 0.11851198613543619 0.21478290359770413 0.023636435424725776 0.9997140192335215 0.0036820521985024115 -0.3212586605217043 -0.11856600405705288 -0.0008538281329717707 0.9929458190339551 10.967675961098529 0.0 0.0 0.0 1.0
0.9930035390120066 -0.01826542678578543 0.11666285916778088 0.22321745220901362 0.01702950291273389 0.999788057681887 0.011581703330745536 -0.33457363977757876 -0.11684955954795745 -0.009513945387269317 0.9931041076156275 11.16713041133958 0.0 0.0 0.0 1.0
0.9938186486487931 -0.013900123470779978 0.11014174214016574 0.24062209798540235 0.01234497984009293 0.9998145724667612 0.014788490318944088 -0.3473406480321005 -0.11032677212248825 -0.013337361212392308 0.9938058876950406 11.377665405447605 0.0 0.0 0.0 1.0
0.9943484557438957 -0.015202069975937366 0.10507083569576528 0.2841758722876372 0.013584195860571125 0.9997783111440596 0.01609609474347838 -0.34054122456898134 -0.10529212029961965 -0.014577808629598649 0.9943345204549725 11.60389152419767 0.0 0.0 0.0 1.0
0.9953971279969388 -0.0032594704647320957 0.09577966045562424 0.321221799425933 0.0023709079701880404 0.9999532450808222 0.009389016866929155 -0.3406100406113802 -0.09580567215695596 -0.009118698585035952 0.9953583020801919 11.817463307149557 0.0 0.0 0.0 1.0
0.9952921454497784 -0.014135331279074112 0.09588356711113241 0.33896662549104717 0.015028621239551456 0.9998502036589009 -0.008601046520489743 -0.3353669072859595 -0.09574751477394271 0.010001566570426241 0.9953554401334379 12.02028579329927 0.0 0.0 0.0 1.0
0.995985329865838 -0.013459760324065725 0.08849799855346376 0.37706584700136797 0.013697451903308192 0.9999042065503283 -0.002079570885145122 -0.33263574408838004 -0.08846141059125016 0.0032834344873689993 0.9960742237137423 12.21337272520141 0.0 0.0 0.0 1.0
0.9961987647298477 -0.00011052508423959493 0.08710831340208341 0.3872911279477024 0.0002701323182683223 0.9999984704035717 -0.0018210315181152695 -0.347282224168857 -0.08710786503775639 0.0018376576681302524 0.9961972207859182 12.396018790591722 0.0 0.0 0.0 1.0
0.9965662960469011 -0.006188188694746064 0.08256656016183737 0.420390838341353 0.006052834502035384 0.9999800318299108 0.001888999988674193 -0.3547622288579729 -0.08257648894982611 -0.00138273617383811 0.9965838202426001 12.60659161455217 0.0 0.0 0.0 1.0
0.9969589826978688 -0.006756690151466033 0.07763407332094836 0.4579213684617158 0.00649626948518841 0.9999725425776709 0.003605955686406872 -0.35994921774795313 -0.07765619542789017 -0.0030906422107062946 0.9969754427799411 12.812461059771051 0.0 0.0 0.0 1.0
0.9973552441763369 -0.01476543567394821 0.07116468839664004 0.4867203951956049 0.014934482847264471 0.9998869353125093 -0.0018445274171836363 -0.3606344521222732 -0.07112929478427027 0.002902473222924558 0.9974629140263293 13.021186054304506 0.0 0.0 0.0 1.0
0.9980587792589126 0.0023421773887491513 0.06222488096415354 0.49337956669564265 -0.0030273565629357927 0.9999361026475341 0.010916443577763642 -0.4039234286653451 -0.0621956748565548 -0.01108360456470585 0.9980025123299562 13.179148297875948 0.0 0.0 0.0 1.0
0.998313199142875 -0.0013867581884762028 0.058030864792636236 0.5010564817199921 0.0013502607696609156 0.9999991675866385 0.0006650986250045418 -0.41479889652408286 -0.058032065250653665 -0.00058558992441577 0.9983146008838075 13.388228671938244 0.0 0.0 0.0 1.0
0.9983703243864473 -0.01246797016511894 0.0556773941896152 0.5186816911440202 0.01226501086228066 0.9999171463340403 0.00398253782259509 -0.41384364681711316 -0.055722746489702296 -0.0032931311909233235 0.9984409197312447 13.560625009891467 0.0 0.0 0.0 1.0
0.9989048513900833 -0.011228860898313982 0.045406212060598874 0.5689707925214715 0.010622874604738385 0.9998519206415509 0.013561550526824803 -0.43621513471018036 -0.04555208065757456 -0.013064326015348555 0.9988766196648804 13.803079331546403 0.0 0.0 0.0 1.0
0.9989492596031464 -0.018006223225521104 0.042129652756988815 0.565260005663359 0.01749395581141119 0.9997691938571488 0.012492779752789531 -0.4262316894768729 -0.04234518399119146 -0.011742608382516239 0.9990340690984418 14.041808504276686 0.0 0.0 0.0 1.0
0.9993572317916619 -0.01363804112466449 0.03313357153665932 0.5889985961964574 0.0131554954504837 0.9998051797328034 0.014733283050081508 -0.43399785964221077 -0.03332837306331149 -0.014287895564212746 0.9993423690713887 14.241899817815755 0.0 0.0 0.0 1.0
0.9990955453153069 -0.03078559706182889 0.029309653847103885 0.627759156902116 0.03053713122376796 0.9994944745614156 0.00888255265376896 -0.4281869468477599 -0.029568593871745777 -0.00797945002883336 0.9995309892476338 14.420918054650597 0.0 0.0 0.0 1.0
0.9996426513332849 -0.014906527568897418 0.022160639956551525 0.6072434531861624 0.014965690604955645 0.9998851377557717 -0.00251364333050695 -0.4236522981594733 -0.022120938176810698 0.0028444304181633843 0.9997513245567059 14.649566119052466 0.0 0.0 0.0 1.0
0.9996938786474011 -0.01630096974490129 0.018577691460591305 0.6466278237973726 0.01620544943227542 0.9998550515229949 0.005271972056431148 -0.4333617522026358 -0.018661251004567884 -0.004969265469964517 0.9998135817545959 14.85873522931685 0.0 0.0 0.0 1.0
0.9996394161018091 -0.013960838360671095 0.02290954852585936 0.6366659442751683 0.013203957662933028 0.9993731472451491 0.032855837067376534 -0.4747410703561497 -0.02335418669612772 -0.03254147324707696 0.9991975454968268 15.01093821062744 0.0 0.0 0.0 1.0
0.9998717463776545 -0.011298948659145507 0.011294261465720965 0.6377600570815317 0.01128762568895334 0.9999360046309669 0.001051049368089374 -0.4276001453121467 -0.011305721390922611 -0.0009233960720875042 0.9999357355568517 15.114534928457363 0.0 0.0 0.0 1.0
0.9998703093806216 -0.006283545887243254 0.014784680064122976 0.6185021050772407 0.006076285785028998 0.9998836459293726 0.014010436091996857 -0.4500629900331111 -0.01487129288770394 -0.013918756390329811 0.9997925672794371 15.152818543128927 0.0 0.0 0.0 1.0
0.9999209064719884 -0.0033990596286990874 0.012057158446758396 0.6072483942625684 0.0032941899605085315 0.9999570766622587 0.008692513004325969 -0.4505300040194417 -0.012086484676287692 -0.00865207870613785 0.9998895958260796 15.198182083312881 0.0 0.0 0.0 1.0
0.9999196581668267 -0.0006821638646337833 0.012607503332766997 0.6136057791825421 0.0006103779520931751 0.9999839686676005 0.005682831169461415 -0.44227995804534803 -0.012611473544763082 -0.005674651210094842 0.9999044517358285 15.228279721581012 0.0 0.0 0.0 1.0
0.9999221674929565 -0.0010371271192272109 0.01237993390350531 0.6013615059165552 0.0009769313238724398 0.999988028948573 0.004853151560839066 -0.44150800946525093 -0.012385126838726746 -0.004840651097336232 0.9999116418846622 15.216479677614762 0.0 0.0 0.0 1.0
0.9999257471621193 -0.0019336206256866564 0.011976699838226317 0.6078409389488703 0.0018647184068153163 0.9999820194741699 0.005746869677930888 -0.4528243775802813 -0.011987895227613173 -0.005724081543939164 0.9999118037970882 15.196714722731029 0.0 0.0 0.0 1.0
0.9999256627895619 -0.0019966060892602348 0.011973267182359184 0.6116757582611907 0.001928446823338351 0.999982258954928 0.005686821728707533 -0.45339280911167407 -0.01198471677999533 -0.0056632809307210095 0.9999121745942091 15.203107635711923 0.0 0.0 0.0 1.0
0.9999174741909295 -0.002330179985728919 0.01258400480077528 0.6028652353542125 0.002257309103996326 0.9999809773110254 0.005787953803369214 -0.4534475272983579 -0.012597551022261452 -0.0057590415344242465 0.9999041291422911 15.201227145844083 0.0 0.0 0.0 1.0
0.9999254451447922 -0.002419559867006536 0.011916200282940052 0.6074746773285263 0.0023523223245515822 0.999981632975848 0.005638630087095963 -0.4521082517932021 -0.011929932038906252 -0.005610150299927274 0.9999131841060915 15.203170650931659 0.0 0.0 0.0 1.0
0.9999184550366172 -0.0022948956485864974 0.012511301267084994 0.6069437766618316 0.0022259423445393427 0.9999826286457167 0.005508410854040132 -0.4533613000184846 -0.012524029667190347 -0.005480083718305211 0.9999066078552249 15.203746654262346 0.0 0.0 0.0 1.0
0.9999238858700784 -0.002498603590057068 0.012028765166299405 0.6113820388364273 0.0024376626380778 0.9999844708279024 0.005063724216447878 -0.44976539536371707 -0.012041531914484272 -0.005033987788629626 0.9999149162806588 15.204087739271174 0.0 0.0 0.0 1.0
0.9999917568451956 -0.0002448739441994548 0.0038981625550723 0.6384437738568872 0.0002902169461291523 0.9999320010062649 -0.011681188193408283 -0.43768466609199896 -0.0038953296011598358 0.011682259157180587 0.9999242614805219 15.255131068992569 0.0 0.0 0.0 1.0
0.9999688925531678 -0.004745951982244338 0.006199904933755143 0.6448332155829278 0.0047523018428279286 0.9999884295777226 -0.0010377494049479668 -0.4364440720762571 -0.0061952034151261945 0.0010672126181894288 0.9999802907977691 15.352331195076621 0.0 0.0 0.0 1.0
0.9995334551147718 0.004873916383605575 0.03013019812073046 0.6052878966776732 -0.004619417561368267 0.9999533259625836 -0.008516490298563929 -0.42857392736570094 -0.0301706097435427 0.008373366059454428 0.9995097546053501 15.451459517587798 0.0 0.0 0.0 1.0
0.9948411018314554 -0.0016886531825163066 0.10142486682462519 0.5803067445151582 0.0006835158898737804 0.9999506477766873 0.00994235996643588 -0.4653621173423267 -0.10143697827297846 -0.009821716470650338 0.9947935456846024 15.543808018904468 0.0 0.0 0.0 1.0
0.9916968293437259 -0.00015858930998922436 0.12859293142500403 0.5913313851384425 -0.001093522912069301 0.9999529960119886 0.009664975299349376 -0.4774158660874609 -0.12858877136112745 -0.009725318207808491 0.9916503865408668 15.66515277949268 0.0 0.0 0.0 1.0
0.9921737155838629 0.010538797801736093 0.12441471925008063 0.6288384848448342 -0.0129768617359994 0.9997392932027392 0.018800625268935084 -0.4947319553464494 -0.12418449958512509 -0.02026797941632458 0.9920522040702424 15.935803121898376 0.0 0.0 0.0 1.0
0.9930642290215588 -0.004865764242304625 0.11746709558227954 0.7088654809632313 0.002886767966183733 0.9998514642413846 0.017010022448353965 -0.49714737647453533 -0.11753276649605059 -0.016552919624744065 0.9929310961697991 16.08890422623737 0.0 0.0 0.0 1.0
0.9935524328007237 -0.0018994193157841391 0.11335194872474917 0.7402673250140015 0.00032185467107159966 0.9999031721971485 0.013932521620609527 -0.47870504183777574 -0.11336777961597166 -0.01380618285038439 0.9934572460559462 16.238751367458974 0.0 0.0 0.0 1.0
0.9966008645241219 -0.002029867640682505 0.08234901034939905 0.755586839669391 0.0011271266328759983 0.9999390689042481 0.011005251623973167 -0.4811198008507662 -0.08236664808073445 -0.01087499945501928 0.9965427955401905 16.511872276854128 0.0 0.0 0.0 1.0
0.9997131186066539 -0.023567732757290846 0.004120119141375509 0.8896039946255008 0.023513082440470952 0.9996417337132918 0.012809436853384818 -0.4597142696768102 -0.004420823592018386 -0.012708854240734415 0.9999095163222617 16.798239619363567 0.0 0.0 0.0 1.0
0.9983939174462809 -0.009228909668154208 -0.055884785187859824 0.9281535341428557 0.009605692946459897 0.9999331769325206 0.00648029906587471 -0.43858740403406915 0.055820965437766296 -0.007006673380473146 0.9984162504740314 17.05671931207065 0.0 0.0 0.0 1.0
0.9983368240437304 -0.012286855077426065 -0.0563144063958404 0.9108749946083512 0.012849066587051287 0.9998713151395897 0.009635206799622993 -0.44938011620768564 0.05618849619463942 -0.010342739892964407 0.9983666721865777 17.272506999149748 0.0 0.0 0.0 1.0
0.9981171666648887 0.0001405636952754492 -0.06132532708892225 0.9184505756839912 0.0002087700382954628 0.9999840350219349 0.005692845948150296 -0.4513431359070496 0.06132487869661629 -0.005694902393983467 0.9981016578017303 17.516441301601528 0.0 0.0 0.0 1.0
0.9977482328008054 -0.01825737435722258 -0.06452804797371202 0.9269502124609597 0.01880950266871256 0.9997916602135495 0.007961733263600435 -0.4531006442156692 0.06436897703230965 -0.009157513825937153 0.9978841933366306 17.72453413291076 0.0 0.0 0.0 1.0
0.9972763931323461 0.0002504072615509797 -0.07374628301350851 0.9163194151042678 0.0006788429605113671 0.9999209476965231 0.01257770089488809 -0.4608509599330546 0.07374333822356842 -0.012593481511295223 0.9971977958079102 17.933941020086515 0.0 0.0 0.0 1.0
0.9970369040302843 -0.009421287201480288 -0.07633723369175853 0.9257259668505626 0.01062063909591221 0.9998264887040855 0.015322724231047795 -0.46304750591646754 0.07617936337790682 -0.01608804554431758 0.9969643971500287 18.152326469785134 0.0 0.0 0.0 1.0
0.9965355748702274 -0.013298267814184847 -0.08208998932857908 0.9125905728142181 0.01372848517069209 0.999895081635543 0.004680569482436271 -0.4489581532989457 0.08201887537596798 -0.005791293452005455 0.9966139956916314 18.35331921363829 0.0 0.0 0.0 1.0
0.9957472850332886 -0.012146378492826885 -0.09131528872270239 0.9048920214749853 0.013229975011598664 0.999849238084845 0.011272395526110647 -0.46149034634745745 0.09116434235958712 -0.012432527903258763 0.9957582971890108 18.560524740300366 0.0 0.0 0.0 1.0
0.9952007813737254 -0.01893058205974174 -0.09599876155464099 0.894136981383719 0.020323037893890932 0.9997019352908645 0.01354956774683016 -0.4652518902114788 0.09571338982394967 -0.015435498287601013 0.9952893121795158 18.76740244942293 0.0 0.0 0.0 1.0
0.9948468576406427 -0.004221832913317514 -0.1012950321074592 0.8600271446966752 0.004591713000836752 0.9999838952527502 0.0034203409462282325 -0.4620865534890444 0.101278706402071 -0.003867803160579757 0.9948506636271569 18.94190708585275 0.0 0.0 0.0 1.0
0.99448609693045 -0.021052741544355977 -0.10272738877748354 0.8809126970025637 0.022207825257429866 0.9997025024067606 0.01011485071223246 -0.4979624449049207 0.10248362935865002 -0.012340398805450313 0.9946581977895486 19.148659090374046 0.0 0.0 0.0 1.0
0.99453954111129 -0.017892583441605898 -0.10280876360960109 0.8624704772144601 0.01857082673102744 0.9998118943729132 0.005645263172049237 -0.4968585569472608 0.10268816114934332 -0.0075236489850868515 0.9946852119220326 19.2505147418998 0.0 0.0 0.0 1.0
0.9943208107625124 -0.01590802428037413 -0.10522271923818532 0.8574870642942346 0.016264446635171365 0.9998647968512687 0.002531606023804274 -0.48758687478905516 0.10516797421605112 -0.004228584959189832 0.994445517210121 19.300786856730415 0.0 0.0 0.0 1.0
0.9941762457462906 -0.012949234264803027 -0.10697971929517713 0.8542886106571019 0.013296341632384422 0.9999086574085841 0.0025334958158365647 -0.48691588678344766 0.1069368935360994 -0.003941147890117514 0.9942580573749209 19.325240981734225 0.0 0.0 0.0 1.0
0.9941415525358038 -0.01142311499967308 -0.10747461293974925 0.8487148253063173 0.012163135330115708 0.9999068682300134 0.006234075306242666 -0.4939025373911119 0.10739313983163602 -0.007504751127320469 0.994188370589813 19.353069963511057 0.0 0.0 0.0 1.0
0.9940721516073507 -0.01388122569121448 -0.10782656492072541 0.8502694742797552 0.0144695433958629 0.9998846357226926 0.00467716618809647 -0.49288806043504435 0.10774895186753816 -0.00620960992753863 0.994158794598667 19.35836608570879 0.0 0.0 0.0 1.0
0.9940767224640101 -0.013729860724244668 -0.10780389990178145 0.8531799228995549 0.014264758300580969 0.9998897747149031 0.004193681480417606 -0.4916024796516606 0.10773418569520922 -0.005706606115717917 0.9941634016857499 19.363024461175257 0.0 0.0 0.0 1.0
0.9941001701831139 -0.013696750112067384 -0.10759166210846342 0.8503849027400125 0.014226107058795323 0.9998904619528539 0.004155560728109027 -0.49169237073202016 0.10752270588125878 -0.005661622301986708 0.9941865794129067 19.36289998049982 0.0 0.0 0.0 1.0
0.9941112381527798 -0.013752607894957046 -0.10748202534546605 0.8517212169398404 0.014284323688108039 0.9998895438441988 0.004180190281998257 -0.49071600458937237 0.10741240929289175 -0.0056908503946085 0.9941983207997943 19.363083940295297 0.0 0.0 0.0 1.0
0.9940587592857424 -0.013757597181624302 -0.10796587217223202 0.8509099494404124 0.014284697852667639 0.9998898252564493 0.004111719156693832 -0.4918898899079883 0.1078971557011579 -0.0056295185503839875 0.9941461800308156 19.362804181234317 0.0 0.0 0.0 1.0
0.9940678342297172 -0.013826264864905966 -0.1078732881676302 0.8491555580367767 0.014319473563591844 0.9998905177850534 0.0038003299388366676 -0.489370019245997 0.10780868447490899 -0.005322442554770095 0.9941574463624953 19.36276065774812 0.0 0.0 0.0 1.0
0.9940803457233737 -0.01372420188307622 -0.10777134051959508 0.8478403506973776 0.014220637604902798 0.9998918100629154 0.0038406975530793307 -0.4903870379219141 0.10770671935793148 -0.005350507185451166 0.9941683748384893 19.36228498696434 0.0 0.0 0.0 1.0
0.9940819350367529 -0.013556057008270858 -0.10777774439898107 0.8525435920625789 0.014090258689565456 0.9998922198498231 0.0041980217406395555 -0.49194713108345217 0.10770896775512145 -0.005691762293578068 0.9941662154174014 19.354800157638913 0.0 0.0 0.0 1.0
0.9940813007243862 -0.01367008846081918 -0.10776945684193698 0.8499610694337909 0.014192600182440382 0.9998912512451735 0.0040843989710455985 -0.49108933000933586 0.10770165032677234 -0.005589721601829434 0.9941676067511522 19.353975314010622 0.0 0.0 0.0 1.0
0.9940753710913854 -0.013558831851771347 -0.10783806081257859 0.8496917718096275 0.014061215496807883 0.99989382615466 0.0039011506383591424 -0.49210572912084705 0.10777346492110415 -0.005394340023163322 0.9941608978166803 19.353836789816203 0.0 0.0 0.0 1.0
0.9941138721384156 -0.013768122973926916 -0.10745613848270429 0.846809936846081 0.01428254797824082 0.9998901744260982 0.004020655178910229 -0.49145493516189914 0.10738873722897978 -0.005531704423196022 0.9942017560553315 19.354867474372455 0.0 0.0 0.0 1.0
0.9940798709570217 -0.013549797769951953 -0.10779786480572638 0.8481667519077722 0.014057312741390578 0.9998936938952164 0.0039510193594978265 -0.4917068688764182 0.10773261785079867 -0.005442945153359444 0.9941650717153693 19.35365236668701 0.0 0.0 0.0 1.0
0.994124879289573 -0.013709045119299356 -0.10736146466596745 0.8474225756433214 0.01421206376071235 0.999891581569212 0.003923061443172524 -0.491589001919707 0.10729579432906781 -0.005425809163621129 0.9942123816583491 19.355742518317022 0.0 0.0 0.0 1.0
0.994077021956093 -0.013577499792056401 -0.10782068587924222 0.8483297572618416 0.014084626888599013 0.9998933194043028 0.0039447899400637965 -0.4926426854912103 0.10775537626415445 -0.005440007267399357 0.9941625879022189 19.35758191010758 0.0 0.0 0.0 1.0
0.9940823693866794 -0.013795224510444848 -0.1077436604464949 0.8489804107898241 0.014309176497103072 0.9998898797357354 0.003999967469028849 -0.49082345048199305 0.10767637002799416 -0.005517988142609564 0.9941707354311902 19.35711243154099 0.0 0.0 0.0 1.0
0.9940932805570479 -0.013800520818912452 -0.10764204999605091 0.850259089681844 0.014347770249192194 0.9998880658362065 0.004312668290832623 -0.4917334190451005 0.10757022893967749 -0.005831586245286405 0.994180469708948 19.358738967793393 0.0 0.0 0.0 1.0
0.9941225500783895 -0.013622707239787571 -0.10739404031626541 0.8469019486774088 0.013968027518772559 0.9998996702064734 0.0024653925938036155 -0.48831290057078264 0.10734943145970234 -0.0039509528071075 0.9942135488538315 19.35054334601481 0.0 0.0 0.0 1.0
0.9940012364340516 -0.015757604402570725 -0.10822175941265406 0.8440345598076945 0.016589434112823737 0.9998395819311422 0.006791781805615009 -0.49897157068154874 0.10809712945029726 -0.008546345820575786 0.9941036501435031 19.42410411916339 0.0 0.0 0.0 1.0
0.9934481089572155 -0.009316106078200565 -0.1138981495164506 0.8332388188247835 0.010023078662749691 0.9999341877884288 0.005637433807927509 -0.49652999456332036 0.11383788441564865 -0.006742078016458992 0.9934765179514361 19.523220818647523 0.0 0.0 0.0 1.0
0.9917122792939547 -0.029883371439596556 -0.1249497075503974 0.8353976026899317 0.03041277640312744 0.9995349811369691 0.0023323476997534755 -0.49609024882342867 0.12482165975196577 -0.006113048664567722 0.9921604504562718 19.65664286708396 0.0 0.0 0.0 1.0
0.9882947590882665 -0.016912802547830688 -0.15161180298164845 0.8234828923619406 0.01715016037655853 0.9998532052878227 0.00025902920535661727 -0.4951309564393659 0.15158493310517185 -0.0028561299953353846 0.9884401531272737 19.82142787573771 0.0 0.0 0.0 1.0
0.9885274595505122 -0.019361024442663213 -0.14979099298628984 0.799001906113116 0.020512270400833116 0.999771015497742 0.006145428750729076 -0.49965328307921353 0.14963747055762747 -0.009147446524014637 0.9886986989570538 20.018125706009272 0.0 0.0 0.0 1.0
0.9884850257717718 -0.016551304495376475 -0.1504067219661441 0.7682341936604765 0.01699830003023986 0.9998543603549992 0.0016877359575807346 -0.5025712505432576 0.15035665799854547 -0.004224926864845832 0.9886228492316338 20.181669948519264 0.0 0.0 0.0 1.0
0.9872236088255172 -0.021137714266098086 -0.15792880157181696 0.7603226503056255 0.022508199961327562 0.9997231432081624 0.00689512503713508 -0.5072609134764934 0.15773910514489678 -0.010361690466654626 0.9874265447592238 20.380306961237252 0.0 0.0 0.0 1.0
0.9864024959930172 -0.022729005893439357 -0.1627643347557036 0.7256767950650687 0.02349539064792334 0.9997203521030212 0.0027858799759071413 -0.5095598892633549 0.16265527490436563 -0.0065721768515159965 0.9866611323506439 20.556247694153427 0.0 0.0 0.0 1.0
0.9856835049136601 -0.013983286225444636 -0.16802157506887785 0.6962240949335546 0.012977384840518214 0.9998910154891468 -0.00708237037557655 -0.49785490327993015 0.16810207302556468 0.004800531212093774 0.9857579911335062 20.752016230926806 0.0 0.0 0.0 1.0
0.9842309424887501 -0.03444495703548657 -0.17349851631353588 0.6797471900967098 0.03494814902778495 0.999389421907181 -0.00015388485055959017 -0.509712962314119 0.1733976619967709 -0.005911956113562945 0.9848342234896919 20.94156124443405 0.0 0.0 0.0 1.0
0.9837748774350449 -0.014096627852675033 -0.1788490685128214 0.6343386444124127 0.014952586427231315 0.9998825871362448 0.0034396782916016433 -0.5197954698350312 0.17877935665604536 -0.00605809350642756 0.983870618112361 21.155602241173828 0.0 0.0 0.0 1.0
0.9829805701104983 -0.017242109438380726 -0.18289519808645588 0.6190807048016945 0.017721834591555588 0.9998427677102331 0.0009896223505948128 -0.5172239603264074 0.18284915589739587 -0.004213984466794835 0.9831320113304637 21.296231598786953 0.0 0.0 0.0 1.0
0.982674450867976 -0.0171015061475227 -0.18454594315817427 0.590861294723678 0.01464879063346244 0.9997857375226143 -0.014644985610977474 -0.51116508833164 0.18475664181980583 0.011687916348015411 0.9827148476299683 21.474445057912757 0.0 0.0 0.0 1.0
0.9808774386909292 -0.003201154230643357 -0.1945969073148247 0.5858657240480261 0.0029948101744557256 0.9999948817618589 -0.001353663369671888 -0.5322399825753501 0.1946000332439129 0.0007450279149127439 0.9808824836655101 21.643057286715937 0.0 0.0 0.0 1.0
0.9814397007478 -0.001056309934177767 -0.19176475634074483 0.5317422772765026 0.00012333451581384512 0.9999883799283528 -0.004876154932958956 -0.5397674480356875 0.191767475025253 0.004762032956866335 0.9814288885007801 21.866183693357527 0.0 0.0 0.0 1.0
0.9794653407213696 -0.0038732596457075386 -0.2015721710403796 0.5236806262651155 0.004211825361250842 0.9999906169611809 0.0012516166292791868 -0.5542863202559083 0.20156522137079755 -0.0020748715514252044 0.9794729389621953 22.051569847291653 0.0 0.0 0.0 1.0
0.9782099493904108 -0.019869173050137676 -0.20666210074487532 0.49129335508596905 0.02150865908300966 0.9997527312637152 0.0056899642183566215 -0.5501252866097388 0.20649774410471922 -0.010010971629433438 0.978395932720448 22.2125507571674 0.0 0.0 0.0 1.0
0.9773325505195799 0.0007810317708817465 -0.21170544547863232 0.4586069991025133 -0.0015561665959086314 0.9999929977086169 -0.003493953584811668 -0.5557137019997219 0.2117010300101467 0.0037442350260495144 0.9773273378071468 22.390231668432815 0.0 0.0 0.0 1.0
0.9765214169483621 -0.011420613961165015 -0.21511434118124897 0.43744237635637745 0.011432292846840936 0.9999342569753449 -0.0011891627256678298 -0.5671922083153219 0.21511357641986537 -0.0012979743431415756 0.9765882319768621 22.543457247540594 0.0 0.0 0.0 1.0
0.975209211151132 -0.013828694652136335 -0.22084953127547793 0.4125622544357636 0.012210596082769904 0.9998879916627124 -0.008689546608667534 -0.551311197255774 0.22094476343092342 0.005777458741552129 0.9752692860345593 22.70363006589196 0.0 0.0 0.0 1.0
0.9727588173157939 -0.005593184197759457 -0.23174914406779168 0.3679684186325342 0.004815720328051189 0.9999810317676023 -0.003919607926691938 -0.5647536128140765 0.23176647514153068 0.0026968268335209435 0.9727677604181574 22.895161652942637 0.0 0.0 0.0 1.0
0.9731181577266925 0.004291225636157725 -0.23026374534269203 0.32027112761390164 -0.004268796932037478 0.9999910187263701 0.0005963609912916335 -0.5896989227018142 0.23026403777152987 0.0004026488188807026 0.9731281697362953 23.08618416867267 0.0 0.0 0.0 1.0
0.9734810003257308 0.015066022934212997 -0.22826839094034287 0.29629869010461896 -0.007986218554328545 0.9994591596003528 0.031908148124543234 -0.600196815105264 0.22862548501061852 -0.029238960010665383 0.9730753163933178 23.25141269472263 0.0 0.0 0.0 1.0
0.9705342863452591 -0.0125403474849601 -0.2406339781554028 0.2900876449063987 0.013774363754922404 0.999899447744456 0.0034474851507383837 -0.5957660356405032 0.24056635886998515 -0.006660451002256799 0.9706099096726103 23.303638966322517 0.0 0.0 0.0 1.0
0.9704802856173284 -0.007203029230745096 -0.24107014659590686 0.27375578552002977 0.009424542483920932 0.9999233558630264 0.008064181737434666 -0.5925414454002722 0.24099340743731776 -0.010098077553806 0.9704742630154205 23.36434472700428 0.0 0.0 0.0 1.0
0.970598314742528 -0.006967084045883848 -0.24060161103854566 0.24795598782150585 0.009290022894698187 0.9999208157131529 0.008522490531278407 -0.6020998702266283 0.24052298502298872 -0.010507081707609812 0.9705866337161139 23.407324418540966 0.0 0.0 0.0 1.0
0.9705520282828196 -0.006834981000788747 -0.24079196079601622 0.24663404346116524 0.008532865622442124 0.9999458209377539 0.006009986704590934 -0.5947207381643412 0.24073766353952628 -0.007887621627616285 0.9705582078517395 23.411066914783053 0.0 0.0 0.0 1.0
0.9706453904203574 -0.007815543697722015 -0.2403855558842742 0.23885111941183068 0.009327920416688154 0.9999435167271891 0.005154962252930888 -0.5944692609184195 0.24033147837240526 -0.007245908221367697 0.9706638977617361 23.412374071272588 0.0 0.0 0.0 1.0
0.9706708778407894 -0.008453576794809715 -0.24026093055519387 0.2205497407990179 0.007546330008974252 0.9999607624631451 -0.004695167845606813 -0.6045787227098284 0.24029101691021637 0.0027444079313112347 0.9706970521936726 23.432739662328235 0.0 0.0 0.0 1.0
0.9724633376514902 -0.01019523287448796 -0.23283018156346283 0.21934362179424305 0.010228370662750152 0.9999474182477689 -0.0010643136044230248 -0.6091970550894491 0.23282858437013024 -0.0013464346823573521 0.9725169207049077 23.513541169373585 0.0 0.0 0.0 1.0
0.9788636625178588 -0.0023977737121511212 -0.20449671503675493 0.2167885729677801 0.0029473891609229277 0.9999930766052899 0.0023839619388204107 -0.6029759034262504 0.20448938500462502 -0.002936275530745343 0.9788644193572204 23.642125425346705 0.0 0.0 0.0 1.0
0.9891395055206806 -0.010843034453473552 -0.14657502410841855 0.1814915138478469 0.01261345603424849 0.999858499200259 0.011155678480475485 -0.619147216363446 0.1464330935337568 -0.01288331280592118 0.9891367232768103 23.783661638718772 0.0 0.0 0.0 1.0
0.994857650282769 -0.014414935747391553 -0.10024568116434407 0.16453432221373954 0.015463115062517028 0.9998337586773087 0.009688564080227557 -0.6352449397852667 0.10008910518780478 -0.011188822940270834 0.9949156229531753 23.920911116861127 0.0 0.0 0.0 1.0
0.9939736514503816 -0.00372896787093991 -0.1095499460025308 0.1345198558381363 0.0058624861659703755 0.9997995321790247 0.01916125193859182 -0.6350447246679856 0.10945627801757611 -0.019687991934228127 0.9937966772959691 24.141397362997424 0.0 0.0 0.0 1.0
0.993559084214214 -0.010818913499380836 -0.11279189816306621 0.15078471937950022 0.016514318283398763 0.9986287147749585 0.049684872312603115 -0.6517732104180786 0.11209943964741821 -0.05122753241758001 0.9923757184244074 24.28291133732557 0.0 0.0 0.0 1.0
0.9930356227720247 -0.01246087596369064 -0.11714833631017592 0.09262250358278856 0.014020257984511892 0.9998238785711616 0.012497926315464527 -0.6287270087698336 0.11697172128818167 -0.014053306883882264 0.9930359003161551 24.35941959193146 0.0 0.0 0.0 1.0
0.9931496644026974 -0.008377521578545856 -0.1165428667565498 0.0907614854444464 0.010623729362190389 0.9997695783939919 0.018667292310822058 -0.6407184290168799 0.11635937805150007 -0.01977751089630922 0.9930103202334599 24.424277709144853 0.0 0.0 0.0 1.0
0.9922633147918818 -0.010732450609144266 -0.12368131101374073 0.07216928978326842 0.01206306144426249 0.9998773675365155 0.010015871739143697 -0.6247966081454261 0.12355840692068962 -0.011430329174872422 0.9922715012179453 24.572811186181568 0.0 0.0 0.0 1.0
0.9921271637279386 -0.02533662285172053 -0.12263944014590662 0.0814431121390311 0.030423605117089917 0.9987452055733677 0.03978680994755089 -0.6394975325253206 0.12147724006104456 -0.04320468968811017 0.9916535675805013 24.742236384455232 0.0 0.0 0.0 1.0
0.9913555176715123 -0.010246198368019852 -0.13079737646971185 0.039787469909962514 0.011411516985212672 0.9999018635163168 0.008164192495438637 -0.6245504860620229 0.13070064602215975 -0.009586184738414678 0.991375577681206 24.892913849445186 0.0 0.0 0.0 1.0
0.99150551680226 -0.015338603044631142 -0.1291521271543502 0.02572185353821521 0.01825931258902388 0.9996032162766972 0.02146205802161241 -0.6502876816135036 0.12877143863872348 -0.023637951558964063 0.9913926192630695 25.04732556588857 0.0 0.0 0.0 1.0
0.9905495469831428 -0.020827304840473213 -0.13556005498329488 0.01201561720663391 0.021765196723823765 0.9997485694976972 0.005441245355249935 -0.6231187857372837 0.13541240643298547 -0.00834028187192133 0.9907542834804928 25.244724167215114 0.0 0.0 0.0 1.0
0.989778436689409 -0.01161093050853598 -0.14213562327916904 0.007490889290094005 0.013365866943228027 0.9998459847932655 0.011399552545941102 -0.6300699420989688 0.1419811354709961 -0.013182769512218773 0.9897816276561721 25.360336286628435 0.0 0.0 0.0 1.0
0.9930844893182361 -0.013067944417150248 -0.11666670930199377 -0.03609848042185315 0.015084998279684469 0.9997516172256902 0.016424196997151846 -0.6490977473727436 0.11642284751824208 -0.01807050599081395 0.9930354148129735 25.559129785545245 0.0 0.0 0.0 1.0
0.9961549515897724 -0.003916145640870292 -0.08751375862069954 -0.10100208057764037 0.0056674036262620376 0.9997887321416121 0.019773709334553084 -0.6574648126883524 0.08741756714112348 -0.020193632423676885 0.995967128031988 25.73869649530883 0.0 0.0 0.0 1.0
0.9955298564606264 -0.01351962637415427 -0.09346799966255881 -0.08152013144324477 0.014630295318981532 0.9998304233762279 0.011209612967555216 -0.6485855897495558 0.09330034258922597 -0.012526940142834482 0.9955592737222299 25.89287066721103 0.0 0.0 0.0 1.0
0.9969091999311113 -0.008734406723243682 -0.07806715724461452 -0.12448599233657909 0.010162105837447805 0.9997882396947438 0.01791172266401892 -0.6712892161001051 0.07789391191205196 -0.018649661872552147 0.9967872533601593 26.095339137826297 0.0 0.0 0.0 1.0
0.9994847135304267 -0.029144395600533654 -0.013401997411452348 -0.14354762674267496 0.02936001440359819 0.9994379909148151 0.01619514284542217 -0.6550912014513443 0.012922173565716913 -0.016580248681333263 0.9997790859392818 26.253170454312656 0.0 0.0 0.0 1.0
0.9995737403311238 -0.025526849743058886 -0.014120953141140091 -0.16105903826040247 0.0258270241930882 0.9994352288281613 0.02151136114463842 -0.6700853088277904 0.01356357362245634 -0.02186686602647622 0.9996689506523316 26.47901404525641 0.0 0.0 0.0 1.0
0.9994996241205395 -0.014533492281705083 -0.028071427389872138 -0.11936052737397551 0.015190603951622474 0.9996123533507726 0.023344790059531124 -0.6713562503476664 0.027720977746025614 -0.023759503597266793 0.9993333559895595 26.66107722178128 0.0 0.0 0.0 1.0
0.9944104443988195 -0.020727655718711355 -0.10352271828238667 -0.10030521998505715 0.02146030179319946 0.9997521458151815 0.0059697581180671675 -0.6444799058645285 0.10337306728590522 -0.008157985415670248 0.9946092851287235 26.783645925052642 0.0 0.0 0.0 1.0
0.9909179246136504 -0.012786419619621864 -0.1338539078190171 -0.10496645875086541 0.013012976953181217 0.9999152606707052 0.0008190500394881324 -0.6255329876512876 0.13383185495607097 -0.002553416504606949 0.991000804973437 26.98626218076035 0.0 0.0 0.0 1.0
0.9901004350102334 -0.03117599927347047 -0.13685004740090145 -0.10609531285013352 0.03142290939971215 0.9995064078475583 -0.0003550994671132509 -0.6375760790509003 0.1367933294714427 -0.003948605043926089 0.9905918279748517 27.164061833807054 0.0 0.0 0.0 1.0
0.9895328465047959 -0.008480669872597659 -0.1440540891817724 -0.09422071221851869 0.009727654304565524 0.9999213066153703 0.007955399105249594 -0.6491260155994794 0.14397505630233914 -0.00927340865825536 0.9895379089588008 27.327319119840837 0.0 0.0 0.0 1.0
0.9886811828182804 -0.027655030958695516 -0.14745675385461324 -0.0773595298795623 0.028519579889364464 0.9995864996381104 0.003752659352267386 -0.6419145363938 0.14729176329338656 -0.00791555328710541 0.9890615043975938 27.48544831598835 0.0 0.0 0.0 1.0
0.9874774610161574 -0.01571730105777093 -0.15697122063413826 -0.07126684082760648 0.019016478189975056 0.9996285189850591 0.01953897997311825 -0.6504626534478986 0.15660558489385415 -0.022279316345523558 0.9874099804222518 27.651432447017804 0.0 0.0 0.0 1.0
0.9875165992416056 -0.01886122530490884 -0.15637739675948845 -0.062911792317499 0.022154139541863467 0.9995677559517481 0.01934222102595147 -0.6646707461662502 0.1559447416037326 -0.022565144828239514 0.987508090865668 27.763674024198444 0.0 0.0 0.0 1.0
