222.3690185546875 219.83380126953125 252.0 140.0
222.2830810546875 219.8174591064453 252.0 140.0
222.2313690185547 219.80055236816406 252.0 140.0
222.13365173339844 219.65872192382812 252.0 140.0
222.15557861328125 219.7857208251953 252.0 140.0
222.38973999023438 219.78627014160156 252.0 140.0
222.4739532470703 219.71261596679688 252.0 140.0
222.33258056640625 219.64402770996094 252.0 140.0
222.08291625976562 219.49391174316406 252.0 140.0
222.01296997070312 219.5620880126953 252.0 140.0
222.24441528320312 219.57965087890625 252.0 140.0
222.29217529296875 219.6985626220703 252.0 140.0
222.19956970214844 219.71788024902344 252.0 140.0
222.2456817626953 219.819580078125 252.0 140.0
222.38973999023438 219.73944091796875 252.0 140.0
221.98580932617188 219.42079162597656 252.0 140.0
222.09437561035156 219.5180206298828 252.0 140.0
222.10382080078125 219.49021911621094 252.0 140.0
222.13597106933594 219.57237243652344 252.0 140.0
222.2121124267578 219.48426818847656 252.0 140.0
222.2162322998047 219.5521240234375 252.0 140.0
222.26046752929688 219.6015167236328 252.0 140.0
222.28074645996094 219.616943359375 252.0 140.0
222.24830627441406 219.64431762695312 252.0 140.0
222.2486114501953 219.6750030517578 252.0 140.0
222.09024047851562 219.49325561523438 252.0 140.0
222.24057006835938 219.5196533203125 252.0 140.0
222.3190460205078 219.49581909179688 252.0 140.0
222.2252197265625 219.4984588623047 252.0 140.0
222.01144409179688 219.3189239501953 252.0 140.0
222.63722229003906 219.41452026367188 252.0 140.0
222.81846618652344 219.90603637695312 252.0 140.0
222.22793579101562 219.6210479736328 252.0 140.0
222.35845947265625 219.40975952148438 252.0 140.0
222.64988708496094 219.9830780029297 252.0 140.0
222.1012420654297 219.5590362548828 252.0 140.0
222.28399658203125 218.9439697265625 252.0 140.0
222.3426513671875 218.94900512695312 252.0 140.0
222.56094360351562 218.7957305908203 252.0 140.0
223.1105194091797 218.5590362548828 252.0 140.0
223.09756469726562 219.05162048339844 252.0 140.0
222.81736755371094 218.9813232421875 252.0 140.0
222.7222442626953 219.04196166992188 252.0 140.0
222.73397827148438 219.1446075439453 252.0 140.0
223.08372497558594 219.3582763671875 252.0 140.0
222.9794464111328 219.4864501953125 252.0 140.0
223.65773010253906 219.50054931640625 252.0 140.0
223.40499877929688 219.54891967773438 252.0 140.0
224.31239318847656 220.13336181640625 252.0 140.0
225.0808868408203 219.66366577148438 252.0 140.0
224.69268798828125 219.19520568847656 252.0 140.0
225.10784912109375 219.1328125 252.0 140.0
225.86904907226562 219.57530212402344 252.0 140.0
226.13262939453125 219.66859436035156 252.0 140.0
225.8358917236328 219.25482177734375 252.0 140.0
225.8981170654297 219.0531768798828 252.0 140.0
225.67652893066406 218.92405700683594 252.0 140.0
225.66592407226562 219.0441131591797 252.0 140.0
225.6134490966797 219.06790161132812 252.0 140.0
225.33750915527344 219.42755126953125 252.0 140.0
231.30679321289062 227.51528930664062 252.0 140.0
231.3128662109375 227.2665557861328 252.0 140.0
231.11447143554688 227.2478790283203 252.0 140.0
231.7413330078125 227.39193725585938 252.0 140.0
230.56350708007812 226.71847534179688 252.0 140.0
231.0658416748047 226.5955352783203 252.0 140.0
230.7257843017578 226.71766662597656 252.0 140.0
231.3660125732422 226.7983856201172 252.0 140.0
231.31739807128906 226.23635864257812 252.0 140.0
231.97532653808594 227.11810302734375 252.0 140.0
232.49032592773438 226.96278381347656 252.0 140.0
233.1233367919922 227.52366638183594 252.0 140.0
233.73825073242188 227.9273223876953 252.0 140.0
233.4600067138672 228.13055419921875 252.0 140.0
234.3448486328125 229.0335235595703 252.0 140.0
234.9836883544922 229.4795379638672 252.0 140.0
234.49671936035156 228.7489776611328 252.0 140.0
234.2998809814453 228.89329528808594 252.0 140.0
233.46939086914062 228.1149444580078 252.0 140.0
233.57278442382812 228.28094482421875 252.0 140.0
233.66461181640625 228.34434509277344 252.0 140.0
233.51736450195312 228.25326538085938 252.0 140.0
233.68881225585938 228.4991455078125 252.0 140.0
233.96580505371094 228.58843994140625 252.0 140.0
234.09921264648438 228.7930908203125 252.0 140.0
233.98741149902344 228.35791015625 252.0 140.0
234.5341033935547 228.79721069335938 252.0 140.0
234.9114990234375 229.238525390625 252.0 140.0
234.2425994873047 229.01116943359375 252.0 140.0
234.76690673828125 228.91064453125 252.0 140.0
234.6456298828125 228.98753356933594 252.0 140.0
234.53895568847656 228.8251495361328 252.0 140.0
234.2169647216797 229.1817169189453 252.0 140.0
234.41885375976562 228.49179077148438 252.0 140.0
233.75897216796875 228.36082458496094 252.0 140.0
233.51434326171875 228.33547973632812 252.0 140.0
233.71151733398438 228.0836944580078 252.0 140.0
233.721923828125 228.00823974609375 252.0 140.0
233.58335876464844 228.96310424804688 252.0 140.0
233.85325622558594 228.83218383789062 252.0 140.0
233.8357696533203 229.15243530273438 252.0 140.0
233.30906677246094 228.69906616210938 252.0 140.0
232.9696807861328 228.53628540039062 252.0 140.0
233.718994140625 229.2488250732422 252.0 140.0
232.63499450683594 228.41017150878906 252.0 140.0
232.66964721679688 228.36839294433594 252.0 140.0
232.51052856445312 228.01832580566406 252.0 140.0
232.93275451660156 228.5596923828125 252.0 140.0
233.02044677734375 228.56439208984375 252.0 140.0
233.6544952392578 229.2682647705078 252.0 140.0
233.55960083007812 229.04627990722656 252.0 140.0
233.5045166015625 228.98123168945312 252.0 140.0
233.9276885986328 229.4718475341797 252.0 140.0
234.25221252441406 229.47288513183594 252.0 140.0
234.39735412597656 229.5922393798828 252.0 140.0
234.3114776611328 229.60012817382812 252.0 140.0
234.82620239257812 229.74273681640625 252.0 140.0
234.82623291015625 229.96493530273438 252.0 140.0
235.34925842285156 230.3380889892578 252.0 140.0
235.34963989257812 230.43087768554688 252.0 140.0
229.68080139160156 225.75758361816406 252.0 140.0
229.71713256835938 226.37777709960938 252.0 140.0
229.5282745361328 225.92703247070312 252.0 140.0
229.6024932861328 225.7700653076172 252.0 140.0
229.94613647460938 226.00750732421875 252.0 140.0
229.78317260742188 225.91603088378906 252.0 140.0
229.7361602783203 225.43280029296875 252.0 140.0
229.84364318847656 225.78851318359375 252.0 140.0
229.67486572265625 225.69190979003906 252.0 140.0
229.89404296875 225.7106170654297 252.0 140.0
229.8440399169922 225.7715606689453 252.0 140.0
229.8642578125 225.34353637695312 252.0 140.0
229.60028076171875 225.6536865234375 252.0 140.0
229.6771240234375 225.1630401611328 252.0 140.0
229.67129516601562 225.50621032714844 252.0 140.0
229.5323028564453 225.65960693359375 252.0 140.0
229.5136260986328 225.5919647216797 252.0 140.0
229.57418823242188 225.41043090820312 252.0 140.0
229.66050720214844 225.489501953125 252.0 140.0
230.12782287597656 226.00741577148438 252.0 140.0
229.8845672607422 225.3942413330078 252.0 140.0
229.7259063720703 225.60415649414062 252.0 140.0
229.8660430908203 225.8735809326172 252.0 140.0
230.29412841796875 226.23538208007812 252.0 140.0
229.97299194335938 225.67483520507812 252.0 140.0
229.6727294921875 225.81716918945312 252.0 140.0
229.7499237060547 225.75807189941406 252.0 140.0
229.9335174560547 225.88363647460938 252.0 140.0
229.54759216308594 225.13853454589844 252.0 140.0
229.6930694580078 225.176025390625 252.0 140.0
229.27455139160156 224.51266479492188 252.0 140.0
229.15966796875 224.3402862548828 252.0 140.0
228.9241180419922 224.50881958007812 252.0 140.0
229.06301879882812 224.73394775390625 252.0 140.0
229.1470489501953 224.76824951171875 252.0 140.0
229.04116821289062 224.84439086914062 252.0 140.0
228.94473266601562 224.8416748046875 252.0 140.0
229.15151977539062 224.90074157714844 252.0 140.0
229.17892456054688 224.99822998046875 252.0 140.0
229.199462890625 224.95700073242188 252.0 140.0
229.11959838867188 224.93026733398438 252.0 140.0
229.24755859375 224.96084594726562 252.0 140.0
229.2714385986328 224.9490966796875 252.0 140.0
229.49734497070312 225.3216552734375 252.0 140.0
229.53248596191406 225.12901306152344 252.0 140.0
229.20997619628906 224.93130493164062 252.0 140.0
228.9626922607422 224.7787322998047 252.0 140.0
228.90159606933594 224.62545776367188 252.0 140.0
229.07675170898438 224.6043243408203 252.0 140.0
229.1526336669922 224.6221923828125 252.0 140.0
229.31414794921875 224.69178771972656 252.0 140.0
229.1629638671875 224.4738006591797 252.0 140.0
229.215087890625 224.61900329589844 252.0 140.0
229.2976531982422 224.86065673828125 252.0 140.0
229.0169219970703 224.97698974609375 252.0 140.0
229.0650634765625 224.71002197265625 252.0 140.0
229.14376831054688 224.8712158203125 252.0 140.0
229.22579956054688 224.6474151611328 252.0 140.0
229.2517547607422 224.6822967529297 252.0 140.0
228.9610595703125 224.59075927734375 252.0 140.0
233.68690490722656 229.85301208496094 252.0 140.0
233.09933471679688 229.46588134765625 252.0 140.0
233.18862915039062 229.49774169921875 252.0 140.0
233.16082763671875 228.7902069091797 252.0 140.0
233.1873016357422 229.03855895996094 252.0 140.0
233.15525817871094 228.90817260742188 252.0 140.0
233.2338104248047 229.20269775390625 252.0 140.0
233.52713012695312 229.44947814941406 252.0 140.0
233.3037109375 228.84617614746094 252.0 140.0
233.2373504638672 228.8466796875 252.0 140.0
233.17953491210938 229.0668487548828 252.0 140.0
233.27662658691406 228.8655242919922 252.0 140.0
233.32342529296875 228.91180419921875 252.0 140.0
233.0861053466797 228.836181640625 252.0 140.0
233.26553344726562 229.1471710205078 252.0 140.0
233.35009765625 229.11074829101562 252.0 140.0
233.39456176757812 229.093994140625 252.0 140.0
233.29542541503906 229.04942321777344 252.0 140.0
233.47056579589844 229.1215362548828 252.0 140.0
233.28924560546875 229.08718872070312 252.0 140.0
233.3729705810547 229.0933380126953 252.0 140.0
233.42025756835938 229.32876586914062 252.0 140.0
233.40733337402344 229.17141723632812 252.0 140.0
233.19158935546875 229.09783935546875 252.0 140.0
233.57530212402344 229.16659545898438 252.0 140.0
234.0720977783203 229.32627868652344 252.0 140.0
233.61172485351562 228.84120178222656 252.0 140.0
234.02505493164062 229.43994140625 252.0 140.0
234.0188446044922 229.5791473388672 252.0 140.0
233.81993103027344 229.70608520507812 252.0 140.0
233.79486083984375 229.53973388671875 252.0 140.0
232.88665771484375 228.39002990722656 252.0 140.0
233.14984130859375 228.70364379882812 252.0 140.0
233.01742553710938 228.3726348876953 252.0 140.0
233.1120147705078 228.6890869140625 252.0 140.0
233.03189086914062 228.61135864257812 252.0 140.0
233.1468963623047 228.61355590820312 252.0 140.0
232.51580810546875 228.104248046875 252.0 140.0
232.49774169921875 228.10389709472656 252.0 140.0
232.3515625 227.9439239501953 252.0 140.0
232.03414916992188 227.29063415527344 252.0 140.0
231.7431640625 227.55543518066406 252.0 140.0
231.89007568359375 227.61807250976562 252.0 140.0
232.08139038085938 227.81300354003906 252.0 140.0
232.1190643310547 227.9275360107422 252.0 140.0
232.4497528076172 227.95016479492188 252.0 140.0
232.46102905273438 227.9869384765625 252.0 140.0
232.38658142089844 228.0107421875 252.0 140.0
232.55909729003906 228.09165954589844 252.0 140.0
232.45132446289062 228.0978240966797 252.0 140.0
232.6671142578125 228.14414978027344 252.0 140.0
232.50692749023438 228.05636596679688 252.0 140.0
232.42320251464844 227.95437622070312 252.0 140.0
232.23683166503906 227.8506317138672 252.0 140.0
232.18936157226562 227.82920837402344 252.0 140.0
232.2394561767578 227.89817810058594 252.0 140.0
232.241943359375 227.87100219726562 252.0 140.0
232.30995178222656 227.87078857421875 252.0 140.0
232.32546997070312 227.86866760253906 252.0 140.0
232.21177673339844 227.82191467285156 252.0 140.0
232.21685791015625 227.8114013671875 252.0 140.0
232.15524291992188 227.73568725585938 252.0 140.0
232.28958129882812 227.91026306152344 252.0 140.0
232.37608337402344 227.83282470703125 252.0 140.0
232.26651000976562 227.65284729003906 252.0 140.0
232.07894897460938 227.49423217773438 252.0 140.0
232.53753662109375 228.1066131591797 252.0 140.0
232.43661499023438 227.8321533203125 252.0 140.0
232.28790283203125 228.05795288085938 252.0 140.0
232.36099243164062 228.20608520507812 252.0 140.0
232.3350830078125 228.02711486816406 252.0 140.0
232.45587158203125 228.25946044921875 252.0 140.0
232.92721557617188 228.55589294433594 252.0 140.0
232.99697875976562 228.87400817871094 252.0 140.0
233.1569366455078 228.6300048828125 252.0 140.0
233.3740997314453 229.31643676757812 252.0 140.0
233.83035278320312 229.2326202392578 252.0 140.0
233.65464782714844 229.0946502685547 252.0 140.0
233.8087921142578 229.42434692382812 252.0 140.0
233.6597137451172 229.41465759277344 252.0 140.0
233.7720184326172 229.51589965820312 252.0 140.0
234.0164794921875 229.85720825195312 252.0 140.0
234.12876892089844 230.098876953125 252.0 140.0
234.48666381835938 230.23275756835938 252.0 140.0
234.8820343017578 230.4058074951172 252.0 140.0
234.6407012939453 230.07135009765625 252.0 140.0
234.45420837402344 230.41867065429688 252.0 140.0
234.67221069335938 230.34616088867188 252.0 140.0
234.51783752441406 230.37701416015625 252.0 140.0
234.64549255371094 230.563232421875 252.0 140.0
234.6173553466797 230.41331481933594 252.0 140.0
234.8018341064453 230.6494598388672 252.0 140.0
234.99624633789062 230.90721130371094 252.0 140.0
234.95578002929688 230.57379150390625 252.0 140.0
235.6367645263672 231.2139892578125 252.0 140.0
236.20645141601562 231.44190979003906 252.0 140.0
235.95216369628906 231.07843017578125 252.0 140.0
236.625244140625 231.24624633789062 252.0 140.0
235.3367156982422 231.0352783203125 252.0 140.0
235.56747436523438 231.03814697265625 252.0 140.0
235.1133575439453 230.80372619628906 252.0 140.0
235.75364685058594 231.0870361328125 252.0 140.0
234.968994140625 230.94911193847656 252.0 140.0
235.61207580566406 231.14793395996094 252.0 140.0
235.2917938232422 231.17498779296875 252.0 140.0
235.3539276123047 231.50389099121094 252.0 140.0
235.5381317138672 231.37893676757812 252.0 140.0
235.69003295898438 231.5194854736328 252.0 140.0
235.93988037109375 231.70249938964844 252.0 140.0
235.89808654785156 231.5234832763672 252.0 140.0
236.68408203125 231.82200622558594 252.0 140.0
236.19334411621094 231.63189697265625 252.0 140.0
236.56825256347656 231.9207763671875 252.0 140.0
235.7803497314453 231.21890258789062 252.0 140.0
235.58741760253906 231.0209197998047 252.0 140.0
235.48251342773438 231.09254455566406 252.0 140.0
236.03482055664062 231.75230407714844 252.0 140.0
235.76661682128906 231.6160430908203 252.0 140.0
236.04690551757812 231.8041229248047 252.0 140.0
236.0214080810547 231.8123016357422 252.0 140.0
