-0.5826407372717103 -0.018411630043841755 -0.8125211753905848 0.4903441320463134 -0.09458411061514477 0.9944861781028358 0.04528921305854762 0.5185788456290302 0.8072072562850273 0.10323894071734589 -0.5811697448095942 -4.2060673328393365 0.0 0.0 0.0 1.0
-0.584514303306934 -0.018443697239926737 -0.8111738018186772 0.5099211863369656 -0.09466452753581704 0.9944642198478578 0.045602017831064275 0.5253601135842781 0.8058422175219403 0.10344441298420066 -0.583024504578054 -4.251414130230515 0.0 0.0 0.0 1.0
-0.5845743401769138 -0.01872796285514717 -0.8111238381152296 0.4992413778732678 -0.09437277064769653 0.9945170167061035 0.04505185737751939 0.5230238740254692 0.8058327353498952 0.10288418166721458 -0.5831365258273598 -4.232546833370767 0.0 0.0 0.0 1.0
-0.5849685871102945 -0.01862491540016479 -0.8108421200772925 0.49297959940636504 -0.09366382215129933 0.9945987146629275 0.044726439517977126 0.5224467771149357 0.8056295198263433 0.10211012751406238 -0.5835535359391985 -4.220102151900422 0.0 0.0 0.0 1.0
-0.585091766869507 -0.01911782447317206 -0.8107417542559141 0.49262062867937145 -0.09538535171558704 0.9944051297282247 0.04538846126735396 0.5182925148147722 0.80533803307541 0.10388929516369902 -0.5836417822616907 -4.224361399825799 0.0 0.0 0.0 1.0
-0.5817535857177043 -0.019308765470675622 -0.8131359370895482 0.463813746495116 -0.09483747236837964 0.9945094913909026 0.04423526605090308 0.5215016841297457 0.8078172956051762 0.1028497792996004 -0.5803906295625227 -4.205745534644631 0.0 0.0 0.0 1.0
-0.5798229596098265 -0.01870323779675923 -0.8145280480376177 0.462431508321878 -0.09511605116542934 0.9944542648170382 0.04487375704721822 0.5169873951968738 0.809171597264244 0.1034935066977572 -0.5783863003755753 -4.21149930919848 0.0 0.0 0.0 1.0
-0.5835022767545597 -0.018585056547965533 -0.811898854091385 0.528854216940716 -0.09458379455129254 0.9944897283887979 0.04521155776915263 0.5341248279425731 0.8065847625395771 0.10317351815420753 -0.5820449087944839 -4.292129231871791 0.0 0.0 0.0 1.0
-0.5866951737710682 -0.018091290314152544 -0.8096058040952453 0.47873114606570216 -0.09413432990779529 0.9944965330923532 0.0459932821438744 0.5116106379583297 0.8043180709891394 0.10319573524505182 -0.5851692364788196 -4.216593495747141 0.0 0.0 0.0 1.0
-0.5877865574682016 -0.017902843987485685 -0.8088181207459 0.5007091402619375 -0.09431984376445375 0.9944538826810608 0.04653255779180262 0.510599037919844 0.8034993026793669 0.10363880230972909 -0.5862151553552031 -4.269878425335297 0.0 0.0 0.0 1.0
-0.5884122599225516 -0.018451850320371686 -0.8083504049117942 0.49924604915466686 -0.09271086247665251 0.994685558129478 0.04478061403517087 0.5222908335161598 0.8032281822828777 0.10129233359837622 -0.5869959315384198 -4.296134621968855 0.0 0.0 0.0 1.0
-0.5872987358471449 -0.018206958719097492 -0.8091653818495007 0.4758668220498598 -0.09383495135919917 0.994537035805564 0.04572817387129191 0.5180658712570974 0.8039123894011788 0.10278409884810757 -0.5857987525450791 -4.279456508773693 0.0 0.0 0.0 1.0
-0.5873979781891294 -0.018214997460071543 -0.809093197215399 0.48351723606712327 -0.09331574378586638 0.9946029470612029 0.04535546865702742 0.517370308288918 0.8039003616663294 0.10214284798481348 -0.5859276177171984 -4.266023031526957 0.0 0.0 0.0 1.0
-0.5908890146050332 -0.019398217955026987 -0.8065197076716604 0.5304668260034432 -0.09403355978889216 0.9945527418380073 0.044972043194166575 0.5035284420959131 0.8012540039614735 0.10241339315257675 -0.5894942713553543 -4.255556956367959 0.0 0.0 0.0 1.0
-0.5850182866585518 -0.01754909769994339 -0.8108301699330862 0.5193872011944386 -0.09268204322665378 0.9946627670549826 0.045342747879294536 0.5248068647885793 0.8057068442007298 0.101675728662572 -0.5835224898029635 -4.273945705512966 0.0 0.0 0.0 1.0
-0.5867656845661157 -0.0192557664107245 -0.809527771004779 0.545006248810686 -0.09413269057381454 0.9945613620595938 0.044572645015481326 0.532468043517165 0.804266707187004 0.10235673013832026 -0.5853871293582168 -4.338479018375373 0.0 0.0 0.0 1.0
-0.586091524745259 -0.019154817778149084 -0.8100184820961311 0.5468960298191675 -0.09419633430185441 0.9945524338277293 0.044637495378173235 0.5368855961051425 0.8047507377671056 0.10246242818552415 -0.5847029190123267 -4.354783409729305 0.0 0.0 0.0 1.0
-0.5860129836716867 -0.019055549335471544 -0.810077489984141 0.5278986209078899 -0.09308131299717756 0.9946886112459793 0.04393717883939528 0.5313985972574518 0.8049376361986766 0.10115084169044586 -0.5846740250048857 -4.348364263923755 0.0 0.0 0.0 1.0
-0.5864723338316704 -0.0186463863178871 -0.8097546093511876 0.5569849498461131 -0.0939883975734704 0.9945480775836127 0.045170314759308605 0.5249053220994658 0.8044975510880156 0.10259867529301218 -0.5850275221920704 -4.360557585304932 0.0 0.0 0.0 1.0
-0.5866616551029512 -0.01842274624533846 -0.8096224637156699 0.5225439895015653 -0.09297655793125945 0.9946626870863873 0.04473859435013165 0.5248996621584807 0.8044770253385944 0.10152233526548893 -0.5852432341278249 -4.32282448901749 0.0 0.0 0.0 1.0
-0.5848169024411624 -0.018248058198923455 -0.810960019213897 0.5259620098086215 -0.09344829929044819 0.9946062552792373 0.045009016255101786 0.5275900353089976 0.805764581947821 0.10210486403295761 -0.583367804959537 -4.367277957964283 0.0 0.0 0.0 1.0
-0.5850069249147536 -0.017468303724872375 -0.8108401857899104 0.535309646634998 -0.09333876638128166 0.9945751131667662 0.04591567473204961 0.534030659062545 0.8056393942002503 0.10254380549357002 -0.5834637000677753 -4.388943118414813 0.0 0.0 0.0 1.0
-0.585956648890153 -0.018479250714317677 -0.810131725720898 0.5156106832167909 -0.09260353655234345 0.9947175572720499 0.044289116883348245 0.5395405725504353 0.8050338763370629 0.10097256646942718 -0.5845726159722666 -4.360563339817438 0.0 0.0 0.0 1.0
-0.5859424143999877 -0.019258183428164172 -0.810123805421152 0.5174061627233011 -0.09245216876322444 0.9947786833595125 0.043220563186670335 0.5382570501811383 0.8050615211894541 0.10022247064113403 -0.5846634026755716 -4.338403430143669 0.0 0.0 0.0 1.0
-0.5863567841195543 -0.01926833527950241 -0.8098236148901209 0.5562051206220802 -0.09311555842318403 0.994693480711323 0.04375379682231009 0.5337682835254459 0.8046832645401024 0.10106252173270469 -0.5850394883810515 -4.322942880484901 0.0 0.0 0.0 1.0
-0.5856886635011482 -0.018895584701142148 -0.8103156952809082 0.5552010418587932 -0.09443966924022887 0.9945098838007227 0.04506936489417504 0.5389757128792451 0.8050154124950821 0.10292257216127981 -0.5842577528070507 -4.405636703894848 0.0 0.0 0.0 1.0
-0.5854475420899776 -0.017944730723248183 -0.8105116197724731 0.5768932878932141 -0.09232556267767697 0.9947266030012225 0.04466520255315484 0.5385022636738536 0.8054359991410307 0.1009800794250246 -0.5840169711672641 -4.385396779086527 0.0 0.0 0.0 1.0
-0.5833288933364547 -0.018053940653385548 -0.8120354725383452 0.5459116714356912 -0.09387034937932873 0.9945523780273859 0.04532030012752874 0.5347325753456735 0.8067935958802951 0.10266269166155413 -0.5818459234409572 -4.361095155795787 0.0 0.0 0.0 1.0
-0.5837748047167859 -0.01870946001043817 -0.8117000665967362 0.5418229205049908 -0.09403688639833432 0.994564398062041 0.04470690085243437 0.5401184168183721 0.8064515255681749 0.10242850166210021 -0.5823610609215316 -4.351552638177795 0.0 0.0 0.0 1.0
-0.5925738624266764 -0.024033395504616938 -0.8051575207863024 0.40365245930266413 -0.09156538673163947 0.9950856617234953 0.037687008225845524 0.4891220298533975 0.8002949974930146 0.09605690282515959 -0.5918624565261467 -4.142488179101554 0.0 0.0 0.0 1.0
-0.5951755651960365 -0.03015704964229119 -0.8030297235430226 0.3168462270333387 -0.09176581855249918 0.9953092669750551 0.03063546048915795 0.46066170609763923 0.7983389985796556 0.0919241474891694 -0.5951511362710615 -4.110871049044582 0.0 0.0 0.0 1.0
-0.5813658477946786 -0.03860366270861948 -0.812726088707996 0.24674330152485913 -0.11073570510697041 0.9933336045580653 0.03203001995914507 0.45453652230959735 0.8060716987985929 0.10861894564727298 -0.5817650136249913 -4.163557031175394 0.0 0.0 0.0 1.0
-0.5937383356127418 -0.02154148249512319 -0.80436969106103 -0.027035852677092003 -0.09521661286859287 0.9944991227643997 0.04365004475009256 0.4803013560503197 0.7990046248860609 0.10250606332643013 -0.5925233457354971 -4.294686934808067 0.0 0.0 0.0 1.0
-0.5696570718643552 -0.03598283202483301 -0.8210945300719709 -0.3435977089175497 -0.09765582954017854 0.9949271810434671 0.024150726161921772 0.41465987720297465 0.816060236979222 0.09394228949607349 -0.5702812169024608 -4.353721091105975 0.0 0.0 0.0 1.0
-0.5035560768648449 -0.02830616723668463 -0.8634987186421924 -0.38615178740446376 -0.10270169629418742 0.9943376026373546 0.02729614126653046 0.43417356225810966 0.8578366319762859 0.10242791010997927 -0.5036119270560143 -4.418268963225522 0.0 0.0 0.0 1.0
-0.44852379743529025 -0.02685940082109509 -0.8933672119555665 -0.6718345414648439 -0.0903415585596212 0.9957914799479076 0.015418052515802723 0.38407221464973074 0.8891932938738638 0.0876235445297002 -0.44906277547803736 -4.318164644864731 0.0 0.0 0.0 1.0
-0.45377539471504064 -0.01566151760064554 -0.8909785697319585 -0.9837250918295597 -0.08517284658930344 0.9960302793027419 0.025870410037060428 0.3577031996848832 0.8870364827312285 0.08762653025437347 -0.4533079606300612 -4.369155722099229 0.0 0.0 0.0 1.0
-0.4620400902697104 -0.015577750516464976 -0.886722299835143 -1.1078994340284865 -0.09010081100347056 0.9954968217837948 0.02945971266733548 0.37482843446088354 0.8822703633764093 0.09350596371961534 -0.4613629397020892 -4.620390709343129 0.0 0.0 0.0 1.0
-0.46937116477814866 -0.024266437284550118 -0.8826673655300532 -1.1607535734541734 -0.0840373003876458 0.9963124989866132 0.017297271235244886 0.3182601433078016 0.8789927789556102 0.08229582770878854 -0.46967958109375874 -4.398705268276518 0.0 0.0 0.0 1.0
-0.4725076781561376 -0.021725319784109968 -0.8810586447874809 -1.2208843464122607 -0.08479189569437516 0.9961792449146256 0.02090951553946277 0.30190990148966496 0.8772380654206111 0.08458654910618425 -0.47254456994157407 -4.302189753405024 0.0 0.0 0.0 1.0
-0.4654457450063459 -0.024268279639654226 -0.8847435805626165 -1.2030197455846425 -0.08950056377419484 0.9957905279877947 0.019770177572255437 0.31202751869969686 0.8805394436697296 0.08838699399234537 -0.4656585696824335 -4.369383853151269 0.0 0.0 0.0 1.0
-0.46664946760518056 -0.026272069264334216 -0.8840520565965944 -1.2418087769015336 -0.09036842229162322 0.9957437104640214 0.01810994299510792 0.3136471499010381 0.8798135045193199 0.08834138711184306 -0.46703752020753975 -4.4134316248164875 0.0 0.0 0.0 1.0
-0.47068142910437094 -0.029036328549680766 -0.8818252361186051 -1.241874291755093 -0.08458196456210686 0.9963401409248329 0.012339305991368251 0.3172904331924154 0.8782395444414091 0.08039440385860501 -0.47141479542790615 -4.384107086120274 0.0 0.0 0.0 1.0
-0.4694022017578497 -0.02742411890923481 -0.8825586407514615 -1.226347362637193 -0.08551237319177442 0.9962312056108049 0.014524731231393136 0.31756608776564926 0.8788341237066091 0.0822876121981421 -0.4699783690179545 -4.379968865355387 0.0 0.0 0.0 1.0
-0.4690307366215488 -0.027213673817168847 -0.8827622676518142 -1.2695867651743717 -0.08742211568870743 0.9960469343689462 0.015743284302567224 0.30855049582512145 0.8788442418100231 0.08455704177530933 -0.46955580531120833 -4.3764108866752816 0.0 0.0 0.0 1.0
-0.4445440671418284 -0.024260116699771912 -0.8954284944507803 -1.2467685259005694 -0.08339793745761762 0.9964121754893855 0.014407603978168693 0.3141561708962502 0.8918663504660591 0.08108169559968899 -0.444972335366114 -4.4379216273481905 0.0 0.0 0.0 1.0
-0.4171931165725546 -0.022101350504037883 -0.9085490066997534 -1.2086056977876598 -0.08506552752867913 0.9962650492336389 0.014825779666882928 0.2980050942573727 0.9048279575241952 0.08347140806355087 -0.4175149880429988 -4.326742978106206 0.0 0.0 0.0 1.0
-0.34964805968471085 -0.015506052219893563 -0.9367527100419581 -1.1819795800021013 -0.07983554379140408 0.9967193218724503 0.01330037542718251 0.2710307164008217 0.9334732964206073 0.0794366198627565 -0.3497389175371779 -4.3720330315519815 0.0 0.0 0.0 1.0
-0.2962459630699763 -0.01312781510919838 -0.9550214297605368 -1.0516011663166345 -0.07964311792362454 0.9967627226255188 0.011003562439393148 0.2530376332531755 0.951785331855407 0.07932064579410951 -0.29633242748480815 -4.403805268290716 0.0 0.0 0.0 1.0
-0.21924603716421187 -0.008527792448109023 -0.9756323605173923 -0.974307983460323 -0.07620832276686272 0.9970564637059129 0.008410625824193406 0.24060171220044882 0.9726887715776592 0.0761953022220994 -0.2192505591043729 -4.352903853359271 0.0 0.0 0.0 1.0
-0.12883247123074743 -0.00446232287503021 -0.9916563633547084 -0.9355554130859524 -0.06084444490766989 0.9981414417083381 0.003413185145176052 0.23846469562712042 0.9897980602065127 0.06077650639100243 -0.1288645296014146 -4.509609742458292 0.0 0.0 0.0 1.0
-0.10300608433568158 0.0010814428658831481 -0.9946800584672754 -0.93280601581376 -0.05901593378161446 0.998231082969864 0.007196819935189025 0.23037295347245404 0.9929283022710651 0.05944329107739191 -0.10275995263379117 -4.5086332910936315 0.0 0.0 0.0 1.0
-0.05443973794647134 0.006271917663056627 -0.9984973506862997 -0.7185112101846253 -0.055946924383822504 0.9983902009600373 0.009321566634168868 0.18085377911735306 0.9969484017023961 0.056370321533381486 -0.05400124878528645 -4.424102021389612 0.0 0.0 0.0 1.0
0.028394107291835398 0.009854272083578485 -0.999548207613239 -0.7083009241893998 -0.048902656922023884 0.998767750446908 0.008457403513698445 0.19481386417973837 0.9983998908242846 0.0486404251849669 0.028841014154700886 -4.618768703941636 0.0 0.0 0.0 1.0
0.08052464983143354 0.008418116049076045 -0.9967169855841855 -0.5906876962873442 -0.049873446819488965 0.9987458544944842 0.004405985611169342 0.20219090752417948 0.9955040681664188 0.049354927524313294 0.08084346241274354 -4.588389493807432 0.0 0.0 0.0 1.0
0.07812163060113551 0.008346734041927073 -0.9969089419177192 -0.6938443611055493 -0.046655017019438035 0.998899943799518 0.0047073381942087785 0.19942418484907196 0.9958515316084485 0.046143058682200415 0.07842514523886744 -4.5705381930672075 0.0 0.0 0.0 1.0
0.0779148914644265 0.00975795841217932 -0.996912336272078 -0.7045038647793763 -0.046473394134783554 0.9989005989568738 0.006145233457884498 0.1938396956016931 0.9958762349236294 0.04585109393689907 0.07828272670820392 -4.572131113139383 0.0 0.0 0.0 1.0
0.07923110385616133 0.010660710913960886 -0.9967992529473307 -0.7108613974522853 -0.045479622083688005 0.9989402858742727 0.007068639221889768 0.185842227021366 0.9958182983845059 0.04477400064952084 0.07963190449336272 -4.582251369560708 0.0 0.0 0.0 1.0
0.10133532386727251 0.010499662252180856 -0.9947969031086468 -0.6785129895362803 -0.045277681404027964 0.9989568034529338 0.0059313402025538906 0.1937689339615741 0.993821464834599 0.044441042318353254 0.10170503685834019 -4.534281541861685 0.0 0.0 0.0 1.0
0.14937470592595115 0.012457893122569109 -0.9887021767491605 -0.7084539062362047 -0.04423232794934701 0.9990038120059193 0.005905001941712617 0.18404089839539484 0.9877908680751223 0.0428505456099958 0.14977696866357978 -4.5631163415767055 0.0 0.0 0.0 1.0
0.2649869829257125 0.013179900799223565 -0.964161509153304 -0.9507247942983297 -0.045645411824412306 0.9989564005917292 0.0011104878273486454 0.13860124217933134 0.9631709962939069 0.043715277807320374 0.26531232467116583 -5.408720617955314 0.0 0.0 0.0 1.0
0.3025880475852624 0.01580530947698041 -0.9529900170316078 -0.9202630797422133 -0.048392939834466284 0.99882701274472 0.0012000393870456555 0.142387922791576 0.9518921663449265 0.045754863389080774 0.302998207719977 -5.438974602941055 0.0 0.0 0.0 1.0
0.35418028591061096 0.017137910844171024 -0.935019758676212 -0.95394979664566 -0.04394055721404077 0.99903211435418 0.0016667318757881359 0.14519036812604472 0.934144316820649 0.040494958330515085 0.3545907957294418 -5.381269741272375 0.0 0.0 0.0 1.0
0.4122257400003698 0.021364862663838236 -0.9108308196815879 -0.9308740409680298 -0.04089254097205505 0.999150698909695 0.00492927881324326 0.14136063835991208 0.9101636663189814 0.03521419156868079 0.41274973992986314 -5.520843529029438 0.0 0.0 0.0 1.0
0.4812835244838742 0.019065264432863875 -0.8763571509931197 -0.9894132156459565 -0.04191719782470445 0.9991195896429091 -0.0012844017472202333 0.14361954515135078 0.8755621840729801 0.03735257922868486 0.4816594681146805 -5.481712830655866 0.0 0.0 0.0 1.0
0.5513899279410853 0.01500687218582985 -0.8341123114357885 -1.071295529474864 -0.03493555393031397 0.9993758425237353 -0.005113972166124859 0.1739980228799753 0.8335158356750189 0.031959942680748206 0.55157060554474 -5.499384928395679 0.0 0.0 0.0 1.0
0.5929205395232856 0.014994656649994 -0.8051208848562806 -1.0808929151377795 -0.03271996684373939 0.9994488644628492 -0.005482365683210651 0.17157784391087483 0.8045958285899323 0.02959411069404386 0.5930850176390889 -5.5377508651266805 0.0 0.0 0.0 1.0
0.6390481203705307 0.022363065234649523 -0.768841097325518 -1.1151948256540563 -0.03848414064868647 0.9992542652353498 -0.002922382186534687 0.18222486480045935 0.7682033105781846 0.031455709470641934 0.6394328476250026 -5.522899774151023 0.0 0.0 0.0 1.0
0.6884841921661251 0.02998000364729511 -0.7246309761616732 -1.176348165015843 -0.04455965586452738 0.9990055447221367 -0.0010052691975399922 0.16631582028179556 0.7238810172886329 0.03298139599344205 0.689136177168763 -5.566803891182433 0.0 0.0 0.0 1.0
0.7441440506608743 0.026836095552486762 -0.6674793551193272 -1.2737145604890234 -0.04229429689742606 0.9990801160729178 -0.006983976325635109 0.20396217409713974 0.6666787521007561 0.03342763853492631 0.744595329123218 -5.602457965577894 0.0 0.0 0.0 1.0
0.7870478129403436 0.02922631478111737 -0.6161987185825069 -1.1374309885636036 -0.03947814630001396 0.9992151696621341 -0.0030312115148195115 0.19401629073569399 0.6156272805648638 0.026712064427170307 0.7875847221231699 -5.557404480567211 0.0 0.0 0.0 1.0
0.8250033430000091 0.02516344768584661 -0.5645666954531191 -1.0970341159918944 -0.03392013235775771 0.999411239032737 -0.005022628689186575 0.21361098945406032 0.5641086211520484 0.02329383182819158 0.8253720816849704 -5.578080657783705 0.0 0.0 0.0 1.0
0.8631907458622613 0.025610709284208957 -0.5042272694250687 -1.1515396067863246 -0.03469485362573683 0.9993600096686468 -0.008634951795716227 0.2038368701606636 0.5036840328206591 0.024947672466552866 0.8635277519335346 -5.595903745382321 0.0 0.0 0.0 1.0
0.8994639469541015 0.026027931850131514 -0.43621828912907257 -1.1119271667174464 -0.032077545318240835 0.9994635080006473 -0.006507397485298883 0.18757906998212034 0.43581545107874764 0.01984594581337927 0.8998173453358711 -5.649668155487079 0.0 0.0 0.0 1.0
0.9278766177060848 0.020958368645139502 -0.37229692445166634 -1.0910469102732956 -0.024516744713081254 0.9996871039403309 -0.0048260480154188766 0.20238927801612278 0.3720797917749376 0.01360544365394957 0.9281011132096566 -5.773772995719769 0.0 0.0 0.0 1.0
0.9534397067728582 0.01941714566101732 -0.3009567225082352 -1.0950813940559854 -0.019928994894247692 0.9997998236264617 0.001369440357279316 0.18187501217789104 0.3009234524777249 0.004692034805369042 0.9536368249341121 -5.837988429054137 0.0 0.0 0.0 1.0
0.97292064364204 0.018042421816859333 -0.2304324288328609 -1.1202714136410261 -0.017873100724188146 0.999835603594408 0.0028221998523476045 0.19741920142327743 0.23044578612764194 0.0013727094977080269 0.9730842809339296 -5.599464628101278 0.0 0.0 0.0 1.0
0.9858871890426661 0.01585582614048664 -0.16665640006974122 -1.053387783246121 -0.015524972099480713 0.9998734205595082 0.0032877783196706323 0.19071306810853558 0.16668768471605117 -0.0006541008574538443 0.9860096321120481 -5.618717338801731 0.0 0.0 0.0 1.0
0.9949546010204878 0.01779541940344154 -0.09873183161370533 -1.0756869258948007 -0.017853323724577246 0.9998399347669362 0.0002968166956094358 0.19065110276270292 0.09872148316281501 0.0014673166053790132 0.9951141169451727 -5.38631528439455 0.0 0.0 0.0 1.0
0.9965327691988964 0.014995836735542322 -0.0818337738085713 -1.1562807113607356 -0.014559284935744819 0.9998757518740495 0.005928478403973431 0.17783843565361154 0.08191266202239056 -0.00471654650224988 0.9966284479892923 -5.377939284129129 0.0 0.0 0.0 1.0
0.9962634197173325 0.015371678280919523 -0.08498357053267316 -1.1049686501931018 -0.0148217087384219 0.9998642646270475 0.007098396013847359 0.17844088384841444 0.08508130810353359 -0.005812335098719978 0.9963571740730433 -5.4063505717128475 0.0 0.0 0.0 1.0
0.9961645796673713 0.016036616171485534 -0.08601320818988062 -1.1103518172680946 -0.015450083979715309 0.9998519887575398 0.007480215528298957 0.1778760493243173 0.08612059690543213 -0.006122678588146532 0.9962659976347121 -5.413899413334979 0.0 0.0 0.0 1.0
0.9962824415494745 0.01569766861398453 -0.08470014193539653 -1.1257611430759844 -0.015124177839833523 0.9998575452134082 0.007407998059368227 0.17550960503522317 0.08480452437762441 -0.006099502126609556 0.9963790032433885 -5.447410428326345 0.0 0.0 0.0 1.0
0.9955105205727411 0.01916977113071126 -0.09268523285511206 -1.0558045254479236 -0.019136070266813063 0.999815462378341 0.001252131176442501 0.1845571049507322 0.092692288472593 0.000527064431434967 0.9956947635776281 -5.355443912226402 0.0 0.0 0.0 1.0
0.9982772674972397 0.017419380384239916 -0.05602087297692951 -1.1328057317162648 -0.01749932534205084 0.9998457641627524 -0.0009372205686966516 0.1993444251734438 0.05599603965824623 0.0019158771831870028 0.9984292258399791 -5.242292569241835 0.0 0.0 0.0 1.0
0.9998812400302138 0.014852501512514767 0.004014662037466829 -1.0797227709986477 -0.014836260727551242 0.9998810938922265 -0.0040394338578678725 0.1947897627418848 -0.004074151836984347 0.003979337763381701 0.9999838864287364 -4.992234748916793 0.0 0.0 0.0 1.0
0.9961055319209161 0.020501071156629764 0.08574803899319962 -1.0925861482218115 -0.020092597194370884 0.9997816679264289 -0.0056237694359980925 0.20191595679766672 -0.08584466131502372 0.0038789139268866337 0.9963010974224112 -4.979769977349147 0.0 0.0 0.0 1.0
0.9837461317408693 0.0032427472969789443 0.17953364176094894 -1.1393503553438953 -0.004190904884434931 0.9999785402747288 0.004902300630425072 0.1744258284711513 -0.17951406741682924 -0.0055750925643720615 0.9837396824647349 -4.679051064337143 0.0 0.0 0.0 1.0
0.9647352312263455 0.00934562906748558 0.2630547740452279 -0.9588066783489066 -0.010302548883299881 0.9999437122706674 0.0022586493404981875 0.1739324021694874 -0.26301909107685234 -0.004889196146993716 0.9647783421302404 -4.355633680003706 0.0 0.0 0.0 1.0
0.9399150625575908 -0.012123830603956465 0.34119194307792183 -0.9262087986058964 0.005218983967219319 0.9997620485870562 0.021148107640188867 0.13301688721169605 -0.34136748218082175 -0.018096828803054087 0.939755741687523 -4.443672465285956 0.0 0.0 0.0 1.0
0.9258250147481064 0.010033647625075207 0.3778182658241147 -0.8326414848446613 -0.012686398274012127 0.9999085698226401 0.004533062467225811 0.14223569279957632 -0.3777386395036673 -0.00899004474443245 0.9258687241848498 -4.236138978367166 0.0 0.0 0.0 1.0
0.9285071958285331 0.005286029634787193 0.37127583154132643 -0.6986390324403694 -0.009807927999041234 0.9998982800737529 0.01029223815016942 0.13977709713313857 -0.37118394943473154 -0.01319793667348522 0.9284656141806036 -3.9784355137338956 0.0 0.0 0.0 1.0
0.9291306272655596 -0.002084515413883895 0.3697447096369948 -0.5838756753047561 0.0012764068630322035 0.9999955863567799 0.002430260809148833 0.15832733839586166 -0.3697484266877568 -0.0017861457627024848 0.9291302754272966 -3.7037883696640264 0.0 0.0 0.0 1.0
0.9311068100941458 -0.018095654757239888 0.364296376546466 -0.5065388673472997 0.013954868287437309 0.9998039897752141 0.013995888743860352 0.12500819015615264 -0.36447865373116334 -0.007948026807340091 0.9311778903918235 -3.5456388524010363 0.0 0.0 0.0 1.0
0.9342782418025676 0.00035549327812797016 0.3565436454509511 -0.517615006332107 -0.0020938720965622626 0.9999870475961342 0.004489746552784262 0.14292956513743016 -0.3565377546659405 -0.004941292885117227 0.9342679299803245 -3.2270326440721546 0.0 0.0 0.0 1.0
0.9337679599814389 0.0001948970716543643 0.357877990754857 -0.44479262564965827 -0.0026175655943321066 0.999976179837126 0.006285175435337754 0.14582267524495443 -0.35786856034131315 -0.0068057310907704855 0.9337472658360696 -3.0504538379680826 0.0 0.0 0.0 1.0
0.9346303447391302 -0.010295026930855017 0.3554706428230533 -0.30796354141405 0.006689630006031722 0.999912298954821 0.011370309343559924 0.12810147892789533 -0.35555684330401727 -0.00824913554035391 0.93461831575467 -2.957264763076128 0.0 0.0 0.0 1.0
0.9502675976944072 0.007354934399389538 0.31134653554110797 -0.20296538785665463 -0.00870912449097911 0.999957052974408 0.0029594050586144497 0.15027393361601604 -0.31131170659549445 -0.0055238477138446875 0.9502918783445037 -2.8181490804650666 0.0 0.0 0.0 1.0
0.9753468995457855 0.002320095609797773 0.22066328759414644 0.03135907726636081 -0.006133486493433378 0.9998427673128558 0.016597990272073256 0.12089216890022242 -0.22059028053085544 -0.017542312252439296 0.97520890877836 -2.79419881416501 0.0 0.0 0.0 1.0
0.9932295556410506 0.005548048611982944 0.1160324691211103 0.2192178937075708 -0.005652646305622687 0.9999831767731643 0.000572594477806612 0.1283972904780549 -0.1160274112822548 -0.0012246681538950976 0.9932453197272937 -2.5884224905297186 0.0 0.0 0.0 1.0
0.999913034201157 0.007079928186599717 0.011093973315351276 0.25153604178900735 -0.007095935935857269 0.9999731519384851 0.0014061487717677249 0.1279906322974056 -0.011083670959431175 -0.0014848081454147323 0.9999375596974746 -2.307539499347664 0.0 0.0 0.0 1.0
0.9950305529609892 0.013778255190000631 -0.09860812921432541 0.2498977140942243 -0.014726484228160005 0.99985132151452 -0.008894958128527143 0.1377842739148183 0.0984710879180908 0.010302859991946876 0.9950866470468347 -2.0472500018069075 0.0 0.0 0.0 1.0
0.9876712151460975 0.008757748044728118 -0.15629503878327272 0.22804688142741217 -0.010595373866045504 0.999883479204454 -0.01092829036102961 0.12403007982222129 0.15618135812436182 0.012449518096518177 0.987650022341581 -1.8052428608801128 0.0 0.0 0.0 1.0
0.98831910968897 0.0074425448059259125 -0.15221446772831193 0.18587752662971166 -0.008417993828576 0.999947279037674 -0.005765095903544376 0.10692095738773931 0.1521637676188577 0.006979044008318535 0.988330767855362 -1.5936644860818174 0.0 0.0 0.0 1.0
0.9934770904518978 -0.0007783917438830837 -0.11402595632437025 0.14425335677589457 0.00021903290784693397 0.999987205390554 -0.004918154568803558 0.08263731201607538 0.11402851364477695 0.004861044825943722 0.9934656987877367 -1.2894341095896324 0.0 0.0 0.0 1.0
0.9950605950321778 0.010509627310274912 -0.09870757438807369 0.11105612734276485 -0.011864869116003724 0.9998424381876713 -0.013153116208019568 0.08010779717100411 0.09855395385242946 0.014259257798441088 0.9950296206125747 -1.0121956680141162 0.0 0.0 0.0 1.0
0.9953301936624039 0.002561213425802147 -0.09649097218858449 0.09818912054250037 -0.0022225805095214134 0.9999902969548571 0.0036165857912224372 0.05883986929981507 0.09649946750032755 -0.0033852993750291987 0.9953273676182033 -0.7374002026061561 0.0 0.0 0.0 1.0
0.9983043666011356 0.007942855991050341 -0.05765896392025209 0.05820393482503139 -0.007977986658650871 0.9999674354470499 -0.00037949354519928834 0.053766565008375886 0.0576542034164774 0.0008387946513270997 0.9983363444830023 -0.44935753306591764 0.0 0.0 0.0 1.0
0.9994552853023754 0.0011001884269329157 -0.03297173175485055 0.06028410245031632 -0.001273922493824742 0.9999847726481778 -0.005249269392318515 0.0520121467414021 0.03296553652313618 0.005288360834935239 0.9994426106845259 -0.21887945973962197 0.0 0.0 0.0 1.0
0.9999838215820581 0.0038523427081922634 -0.004090957143138277 0.016610690054595506 -0.003846201131436003 0.9999908145558606 0.0015028774761473068 0.04362459812468786 0.0040967780202186025 -0.0014871791693749753 0.999990611770488 0.12318023409817447 0.0 0.0 0.0 1.0
0.9995699948760209 0.019425047027027135 0.021949003149860067 0.045143144906650196 -0.019170990096034783 0.9997467680975763 -0.011725466625596865 0.03824168791141505 -0.022171187759898604 0.01129959531622902 0.9996904409061158 0.39682119418510076 0.0 0.0 0.0 1.0
0.9997142365867407 0.0016614309662080094 0.02383035255626082 0.07151090077580823 -0.0016864960136632142 0.9999973833042879 0.0010326126892609693 0.020514446895428265 -0.023828535293659456 -0.0010725674342700587 0.999715576885008 0.6344191196194702 0.0 0.0 0.0 1.0
0.9987777513694076 0.011572434267791481 0.048045417145849575 0.04282844071232758 -0.011609469117885166 0.9999318073872698 0.0004923207440531412 0.01668170699501967 -0.048036454830902256 -0.0010495603828807147 0.998845110712515 0.9206437820962625 0.0 0.0 0.0 1.0
0.9978165264822964 -0.0030691744317751877 0.06596981840415994 0.08537621454461 0.0039000846994307697 0.9999139803384179 -0.012469919791995025 0.012097419554684227 -0.06592587419724143 0.012699935583007386 0.9977437690385876 1.108659394604265 0.0 0.0 0.0 1.0
0.9978375874887905 0.0017419703953165243 0.06569944156965468 0.0775649530688827 -0.0027719595749288607 0.9998739577342045 0.01558967483354271 -0.026540903709621977 -0.06566401442033279 -0.015738155219715437 0.9977177389601695 1.412085935900099 0.0 0.0 0.0 1.0
0.9984442109895447 -0.0002450430842817558 0.055752852281499884 0.14756098991027317 -0.0007189401450758076 0.9998499347416763 0.017269907273162802 -0.023977382518922896 -0.05574871796861075 -0.01728319770330938 0.9982953383393062 1.6167539873132561 0.0 0.0 0.0 1.0
0.9980629476875512 -0.01181774893879385 0.06107367236533443 0.12153038064687129 0.010949250062283988 0.999833707169812 0.01453591323287653 -0.02749864258882931 -0.06123529647780799 -0.013839122366906957 0.9980274841971463 1.8963311110603378 0.0 0.0 0.0 1.0
0.9963750323178001 -0.005989307372199142 0.08485413624263768 0.1453755846937177 0.0060436207076675665 0.9999810088780441 -0.0003830080852192098 -0.005302168647336167 -0.08485027436213066 0.0008943870765182356 0.9963934107279276 2.122205926650222 0.0 0.0 0.0 1.0
0.9955443893462643 -0.0025267189799782755 0.09425642496429108 0.14784101295804714 0.0028557477441712156 0.9999896286064137 -0.0033558490941031443 -0.02775159400537988 -0.09424701447457697 0.003610014204185627 0.9955423973122602 2.3642898110314308 0.0 0.0 0.0 1.0
0.9961077279490635 0.0010573002873655525 0.08813333744492192 0.1811452449372089 -0.0020054666672875273 0.9999403666904805 0.010670692623705008 -0.04397581914840709 -0.0881168410323474 -0.010805980987626102 0.9960516330059547 2.5661618864766798 0.0 0.0 0.0 1.0
0.9967919401591565 0.0011404959721330263 0.08001954244276566 0.22324241710459442 -0.0021850122743979528 0.9999130149712344 0.012966571867210229 -0.08886973759414485 -0.07999785754611209 -0.013099874877957699 0.9967089861959151 2.8717032307283663 0.0 0.0 0.0 1.0
0.9975055953203595 0.01327860920524595 0.06931697151818414 0.25509098038801936 -0.013109342306529588 0.9999093339866482 -0.0028967011437889133 -0.09112317300478312 -0.0693492027890737 0.001980738121060471 0.9975905165208157 3.068954363085682 0.0 0.0 0.0 1.0
0.997337799016793 -0.00485073904809521 0.07274858958174904 0.18452093587354784 0.004441768274252225 0.9999728670319197 0.005782064900019639 -0.1178627311480629 -0.0727747180539583 -0.005443588228826505 0.9973336283994226 3.207425082484436 0.0 0.0 0.0 1.0
0.9979575294764852 -0.004738016721393392 0.06369340005863516 0.2657385626846224 0.0037923008019964907 0.9998803652009324 0.014960226196050117 -0.11894396415902803 -0.06375670326398597 -0.014688186804213903 0.99785744589472 3.4035256932999687 0.0 0.0 0.0 1.0
0.9993182560487326 -0.016675672754542938 0.03291740225196856 0.39969243778482183 0.01655182873897781 0.9998543144636097 0.004030468550754171 -0.10030642931466555 -0.03297982629812928 -0.0034829237679994567 0.9994499764498792 3.663644692291328 0.0 0.0 0.0 1.0
0.9994035152721671 -0.015943077963218946 -0.030610873024592342 0.4167455746820853 0.015880220760557093 0.9998707101837583 -0.002294666290459575 -0.08793838502062679 0.03064357776050681 0.001807151584237493 0.9995287976554419 3.9620481366763887 0.0 0.0 0.0 1.0
0.9981007082095624 -0.018803967417364367 -0.05865161855873668 0.41529220569981273 0.01886734244887076 0.9998212916589627 0.0005273099165120058 -0.09688683706803008 0.058631336802808125 -0.001632952906372446 0.9982783994814816 4.2842114484623135 0.0 0.0 0.0 1.0
0.9977845842113457 -0.02595103043505031 -0.06124582018627144 0.44135033718001915 0.02621146784357241 0.9996498982438272 0.0034529992369797054 -0.1209610054553274 0.061134899772483015 -0.005050741509233205 0.998116768201779 4.521162881760832 0.0 0.0 0.0 1.0
0.9974868274401033 -0.009471927272356063 -0.07020607383114119 0.3978133996368145 0.010279166017198683 0.9998844671518232 0.011146123634203914 -0.12636737463082884 0.07009252274930691 -0.01183983105871154 0.997470311601533 4.744211669561587 0.0 0.0 0.0 1.0
0.9971574508544936 -0.01303864783972761 -0.07420002315991081 0.3798056715012243 0.013073435551271518 0.9999140171099473 -1.6513234393644247e-05 -0.1303989934776143 0.07419398504905791 -0.0009536255955743267 0.9972434417122356 4.935099562753683 0.0 0.0 0.0 1.0
0.9966815638147333 0.0047803945795930934 -0.08125012226616607 0.38016539705570895 -0.005339506832684908 0.9999629679467542 -0.006665138736077814 -0.14603685885600864 0.08121541687770213 0.0070768253050357555 0.9966714777952201 5.110467175299462 0.0 0.0 0.0 1.0
0.9968579166745131 0.0006138451651311381 -0.07919885117112932 0.3520876730856125 -8.523146779798431e-05 0.9999771749803266 0.006678056627461555 -0.1837309917801102 0.0792012994359132 -0.006650372851414524 0.9968365141880138 5.405153235675124 0.0 0.0 0.0 1.0
0.9966448727565965 0.003752184809192773 -0.08175267172260617 0.3154749987920511 -0.0031326637135084103 0.9999648323942297 0.007705269081333839 -0.17623515924190908 0.08177886681041131 -0.007423365126982298 0.9966229152355758 5.607818324414229 0.0 0.0 0.0 1.0
0.9964337118373343 -0.011413446475972222 -0.08359522263801836 0.3700810121118373 0.01206274639097897 0.9999003030323033 0.0072665131811711576 -0.17435994872336036 0.08350411254546375 -0.008249038488082977 0.9964733656925223 5.794494387876143 0.0 0.0 0.0 1.0
0.9959957273462482 -0.004144685081168483 -0.08929698767857101 0.3605502931854635 0.003568113506820187 0.9999712043467125 -0.006615154303593987 -0.14335905551989497 0.08932200374504842 0.006270010524589275 0.9959831427405168 5.980038101143193 0.0 0.0 0.0 1.0
0.99479831699882 0.006852424748283095 -0.10162660662510267 0.34861254910569833 -0.007146712026702127 0.9999707331485587 -0.0025316840541975993 -0.18024659766193263 0.10160646470827892 0.003244774781601254 0.9948194275237178 6.172111309792239 0.0 0.0 0.0 1.0
0.9945818398977077 0.006503034400784762 -0.10374583084962523 0.23610814991984075 -0.006751292385639334 0.9999745794085719 -0.0020416877874137804 -0.194991441175965 0.1037300826943406 0.0027310073780205907 0.9946017958563699 6.4616332392885365 0.0 0.0 0.0 1.0
0.9936655088747948 0.01972355798517796 -0.11062741911108631 0.2850340487004873 -0.019657214174573803 0.9998048207310192 0.0016907218296458365 -0.2040930206350109 0.11063934790064912 0.0004945759988661182 0.9938605258209161 6.626628338139521 0.0 0.0 0.0 1.0
0.9935745911198332 0.007648332944408317 -0.11291432894922414 0.22797381669369732 -0.007375922373133721 0.9999682683207579 0.0028303665206604444 -0.22026441584068734 0.11293258949104805 -0.0019793770292404456 0.993600727935771 6.831736164508593 0.0 0.0 0.0 1.0
0.992362835130999 0.012626559537450977 -0.12269957072852591 0.21465114925109835 -0.012147445236658203 0.9999148376447416 0.004652330016570994 -0.2123488933950188 0.12274806753966773 -0.0031263581616826543 0.9924329677281727 6.962169781506007 0.0 0.0 0.0 1.0
0.9923699301927514 0.0007693290266694098 -0.12328766818872715 0.22060894527857555 0.0014866617640840827 0.9998326221200913 0.018205756424354673 -0.2261173813627974 0.12328124978508638 -0.01825019448366361 0.9922039938682039 7.218685775912354 0.0 0.0 0.0 1.0
0.991923779787995 -0.0002639600152338727 -0.12682931409747217 0.18356998059894952 0.00030470792635280743 0.9999993561690259 0.0003020925757396513 -0.2141739176089047 0.12682936382353446 -0.0003383395256881032 0.9919245289829118 7.477741631462818 0.0 0.0 0.0 1.0
0.9913418142176494 0.0038074772922433923 -0.13124597999447757 0.1788091209884683 -0.003014120299952048 0.9999754061468903 0.006243142335435858 -0.23227071168079821 0.13126672532444728 -0.00579354572428124 0.9913301995879454 7.638145264214376 0.0 0.0 0.0 1.0
0.9900842487886407 -0.0016507838645719334 -0.14046016392534036 0.17067205937581204 0.0017195322890961931 0.9999978872687177 0.0003682763666520248 -0.23121547581299562 0.1404594801143955 -0.0006061924174111547 0.9900863157342185 7.776844358168072 0.0 0.0 0.0 1.0
0.9904962889351372 0.014025485529917253 -0.13681737169771094 0.09251780431176954 -0.01283183232264468 0.9998709917915871 0.00960274744514719 -0.24787777478647186 0.1369346405745381 -0.007755919180119488 0.9905497914327287 7.9752815119967995 0.0 0.0 0.0 1.0
0.9892608702253727 0.0011489146757159535 -0.14615131460956704 0.05737567603063598 -0.0012634040079564425 0.9999983866839235 -0.0006903561881400577 -0.2573241719115589 0.1461505260796827 0.0008675507663075974 0.9892620407503404 8.289167829389722 0.0 0.0 0.0 1.0
0.9884489238021711 0.012614294260659268 -0.15102392157165775 0.019179325388300972 -0.012474309792581247 0.9999198727300452 0.001874491406423342 -0.2708608142058305 0.15103570707158492 3.1039766138786525e-05 0.9885283350746993 8.468316172445668 0.0 0.0 0.0 1.0
0.994858162479711 -0.0005783825772907337 -0.10126960775478666 -0.040802508993970976 0.0007914526461324239 0.9999969866385935 0.0020640852511914936 -0.2789328011722719 0.10126829179465317 -0.0021336654533407563 0.9948569149593736 8.712379734697516 0.0 0.0 0.0 1.0
0.9998732333800573 -0.007404511687391414 -0.014043566773885142 -0.08537237951008503 0.007195269053620326 0.999862694672634 -0.0148901991018661 -0.26780673892630996 0.014151941800621057 0.014787242158925084 0.9997905652959932 8.972865898683654 0.0 0.0 0.0 1.0
0.9975398250027654 -0.010404304027169227 0.06931521884776894 -0.06174387846646878 0.009677886215724275 0.9998942181785693 0.010807135409088744 -0.30557399577110206 -0.0694203795289417 -0.010109776507727946 0.9975363169333569 9.343719924792369 0.0 0.0 0.0 1.0
0.990112005678097 -0.001361756828990673 0.1402673951179925 -0.03732373169543157 -4.331697797551057e-05 0.9999493004705824 0.010013372988894462 -0.3017779679033987 -0.1402740740517052 -0.009920490374141598 0.9900630689696962 9.545666768546095 0.0 0.0 0.0 1.0
0.9908264022500365 -0.0003431664187552477 0.13513528863079038 0.024658179091288257 -0.0041160457211850306 0.9994556446807129 0.032717134617728086 -0.31684457346426687 -0.13507308696141973 -0.03297330850216447 0.9902868707595808 9.724447373525301 0.0 0.0 0.0 1.0
0.9912682120641367 -0.007050056988674642 0.1316670803414324 0.02624170719893476 0.005742231935026931 0.9999298253397173 0.010309663038491559 -0.30690681465590225 -0.13173065443720494 -0.009463633710373188 0.9912404298608081 9.849750454592542 0.0 0.0 0.0 1.0
0.9914004746709525 0.0031278217820587292 0.13082026245012787 0.026145040544640563 -0.0036114363489536823 0.9999869478593367 0.0034594922011032094 -0.30218392044019554 -0.1308078608505596 -0.003902237694289783 0.99140011458731 9.914035524741468 0.0 0.0 0.0 1.0
0.9913103420117289 0.002151008603617672 0.13152081243570027 0.03409129931463295 -0.00261365881764738 0.999990469304519 0.0033449637836429737 -0.30617462577214694 -0.1315124939129555 -0.0036596919439900754 0.991307783660207 9.93650516186968 0.0 0.0 0.0 1.0
0.9913421705469027 -0.0005667203215289342 0.13129730516764784 0.035307675324555754 -2.5340831489912287e-05 0.9999892907832907 0.004507395859065691 -0.3095546781038755 -0.1312985853682023 -0.004471744298667419 0.9913328301943721 9.967659660953377 0.0 0.0 0.0 1.0
0.9914600544242992 0.00039929426778106427 0.1304047919359212 0.03914997507666651 -0.0007374779399885277 0.9999959537404199 0.002544848968861216 -0.3122522650614013 -0.1304033746494642 -0.0026193316294624426 0.9914576377963567 9.975885937848092 0.0 0.0 0.0 1.0
0.9913728537841002 0.0005618573198573933 0.13106533855858868 0.0364214075815818 -0.0009275205402324065 0.9999953144185366 0.0027286932981100912 -0.3121563594390948 -0.13106332549590005 -0.002826764007145231 0.9913700349350144 9.978248381602183 0.0 0.0 0.0 1.0
0.9914386005604064 0.000840615911286655 0.13056572438949388 0.03755364078694573 -0.0011703086885886047 0.999995742700791 0.0024481925939891934 -0.3118718961359841 -0.13056325902967814 -0.002580079503388161 0.9914366518944496 9.957029855776398 0.0 0.0 0.0 1.0
0.9914232552255834 0.000917937325541053 0.13068137160410984 0.039010575549106696 -0.001243611127576721 0.9999957776788889 0.0024103257895891003 -0.3095820965275214 -0.1306787482801195 -0.0025522133144074617 0.9914215268833367 9.955149348262704 0.0 0.0 0.0 1.0
0.9914143956970448 0.000742045709393856 0.13074975677775055 0.03776979350109533 -0.0010636245423177252 0.9999960235332931 0.002389471456619484 -0.3112002217142119 -0.13074759124412602 -0.002508070403038952 0.9914125847646876 9.95579289936553 0.0 0.0 0.0 1.0
0.9913774173211206 0.0006266483806310901 0.1310304901365832 0.035973741296913775 -0.000958195153894978 0.9999959444807281 0.002467061087461377 -0.31391426797944366 -0.13102855094711763 -0.0025713870327471393 0.9913753386235034 9.965532452834099 0.0 0.0 0.0 1.0
0.99138008737167 0.0005502340979852328 0.13101054147865068 0.03777486210612657 -0.0008786848985462257 0.9999960409985476 0.002449054736833491 -0.3131006331328458 -0.13100881490277816 -0.0025431059079788713 0.991377980795303 9.96241355548504 0.0 0.0 0.0 1.0
0.9919933666436337 0.0034099447571576263 0.12623838699291512 0.03266065459579842 -0.0024075140912308214 0.999963802857572 -0.008092703670982646 -0.31164209106849317 -0.12626153769000156 0.007723956871765511 0.9919669796003402 9.9696662120697 0.0 0.0 0.0 1.0
0.9918509688805133 0.007600568682978402 0.12717079169842904 0.02558386711125432 -0.0068034021199154275 0.9999538519986144 -0.006701881048779906 -0.30979013434107183 -0.12721599191739943 0.005782040143559327 0.9918582649176508 10.03925370144512 0.0 0.0 0.0 1.0
0.9919323106217213 -0.002932339138000004 0.12672920895054107 0.06720444221442884 0.0025759631735832174 0.9999917173519233 0.0029756906812525522 -0.31157446800607225 -0.1267370075732108 -0.0026252778126842715 0.991932937252547 10.174066822323784 0.0 0.0 0.0 1.0
0.9917654386129757 0.0006690239399650405 0.12806039141071274 0.09446063404916483 -0.0002636967991644564 0.9999943595170228 -0.0031822591960416926 -0.31500926822621644 -0.12806192075733897 0.0031222490406616994 0.9917612859704424 10.340096762434568 0.0 0.0 0.0 1.0
0.9917256899914496 -0.015847251498641756 0.12738737432665048 0.12853414013905506 0.014956484323771767 0.9998560191899656 0.007945948016253528 -0.3219015379735536 -0.12749508966899037 -0.005974982914275411 0.9918212669985084 10.53255442968533 0.0 0.0 0.0 1.0
0.9920084526003203 -0.012919770357042821 0.12550262853492214 0.14616372210505196 0.011629089411344431 0.9998711885273445 0.01101111281357879 -0.327213789514687 -0.1256288592037243 -0.009463689855997515 0.9920322398425162 10.738015042548518 0.0 0.0 0.0 1.0
0.992664099884901 -0.0239064445963821 0.11851176305520049 0.21474195163689314 0.023636640228758544 0.9997133084238978 0.0036816707340431233 -0.32120263317437503 -0.11856592246911643 -0.0008534858844520416 0.9929458513351492 10.96536193826898 0.0 0.0 0.0 1.0
0.9930029118009642 -0.018265569176493305 0.11666263602989899 0.22317469682127533 0.01702971175752907 0.9997873512928063 0.011581315892431129 -0.3345148892239748 -0.11684948017020193 -0.009513602872427177 0.9931041424976552 11.164774569649136 0.0 0.0 0.0 1.0
0.9938180206814596 -0.013900268124838501 0.1101415226143921 0.24057565686946836 0.01234518951526407 0.999813868361967 0.01478809918869623 -0.34727929843824 -0.11032669415046648 -0.013337018438412219 0.9938059231966022 11.375265500808254 0.0 0.0 0.0 1.0
0.9943478265014508 -0.015202213600674662 0.10507061916590248 0.28412024338781583 0.013584402725975454 0.9997776073361724 0.016095701587936967 -0.340481387865706 -0.1052920417491564 -0.014577465995298423 0.9943345560296832 11.601444205802109 0.0 0.0 0.0 1.0
0.9953964984277824 -0.0032596226368891675 0.09577945082356523 0.3211583499244154 0.0023711191310838344 0.9999525410431992 0.00938862641565113 -0.34055026855666004 -0.09580559717599514 -0.009118354854607177 0.9953583346569385 11.814971205337024 0.0 0.0 0.0 1.0
0.9952915139700527 -0.014135479216446482 0.09588336021206402 0.33889941376690813 0.015028823407508102 0.9998494900949896 -0.008601424230393577 -0.33530831410273854 -0.09574743544298318 0.010001909854611586 0.995355466525942 12.01775118447565 0.0 0.0 0.0 1.0
0.9959846970745739 -0.013459907719169474 0.0884977953068086 0.37699059497993637 0.013697652201706415 0.9999034957702196 -0.0020799547892269977 -0.3325777966649576 -0.0884613315042758 0.003283777693393458 0.9960742518008171 12.210797610549749 0.0 0.0 0.0 1.0
0.9961981336913791 -0.00011068090854481793 0.08710811099520727 0.3872137174930861 0.0002703416046975546 0.9999977624759252 -0.0018214158978435812 -0.34722126906139744 -0.08710779052615703 0.0018380018976651635 0.9961972488582014 12.393405571018521 0.0 0.0 0.0 1.0
0.9965656632050671 -0.0061883401152147185 0.08256636005589732 0.4203064378096354 0.006053037939812279 0.9999793241472323 0.0018886120345372195 -0.35469978290502646 -0.08257641231948916 -0.0013823924876105486 0.9965838492523548 12.603934234538436 0.0 0.0 0.0 1.0
0.9969583488101876 -0.006756840952387492 0.07763387607789363 0.45782905239823 0.006496470697966315 0.9999718354880974 0.0036055654968705684 -0.3598857566945786 -0.07765611850605442 -0.0030902986083816177 0.9969754720113218 12.809760561678475 0.0 0.0 0.0 1.0
0.9973546077602048 -0.014765582166582105 0.07116449611105082 0.4866219978509248 0.014934675535425254 0.999886224469326 -0.0018449150811872702 -0.36057092685606307 -0.07112921478335764 0.0029028163145208667 0.9974629408966561 13.018441848344603 0.0 0.0 0.0 1.0
0.9980589530767158 0.002341249230595774 0.062224331842273835 0.4932846376821694 -0.0030262240567304676 0.9999352034512322 0.010916267477371679 -0.40384882604428807 -0.06219466447108392 -0.011083449761244285 0.9980026305590859 13.176380319225224 0.0 0.0 0.0 1.0
0.9983133666202236 -0.0013876926756146728 0.0580303245055064 0.5009598667363933 0.0013513886170855342 0.9999982616873311 0.0006649270373768308 -0.41472205109180005 -0.05803105371428206 -0.0005854383394713628 0.9983147132991691 13.385417438017676 0.0 0.0 0.0 1.0
0.998370480403725 -0.012468904610028912 0.05567685040990328 0.5185812935740683 0.012266128355751681 0.9999162287680635 0.003982360575137777 -0.41376701982977815 -0.05572173310164748 -0.0032929910233257848 0.9984410302695422 13.557777537272273 0.0 0.0 0.0 1.0
0.9989050034363354 -0.011229789752363079 0.04540565768059575 0.5688598525480367 0.010623991778198083 0.9998510068270995 0.01356135303690785 -0.4361338286444473 -0.04555106643417313 -0.013064185120750247 0.9988767212552851 13.800182074628122 0.0 0.0 0.0 1.0
0.9989494034745081 -0.01800715365670698 0.04212909884017217 0.5651496871748831 0.017495066062138596 0.999768272233334 0.012492579531651931 -0.4261525323693418 -0.04234416849985079 -0.011742474316731415 0.9990341672042523 14.038861368337155 0.0 0.0 0.0 1.0
0.9993573748276235 -0.013638969594230117 0.03313301412301042 0.5888832169980533 0.013156607951164944 0.9998042635580142 0.014733070678780002 -0.43391710205684436 -0.033327357339485844 -0.014287757190225415 0.9993424583952066 14.238910600548 0.0 0.0 0.0 1.0
0.9990956700077548 -0.030786531053059136 0.029309101273789682 0.6276356175548441 0.03053822682245146 0.9994935380194604 0.008882341257580322 -0.42810740219722054 -0.029567575553090666 -0.00797932878969386 0.9995310738005659 14.417891848782435 0.0 0.0 0.0 1.0
0.9996427865687268 -0.014907465685057231 0.022160096933077456 0.6071240611437114 0.014966799139811159 0.9998842160444725 -0.0025138524582087696 -0.4235737816776833 -0.022119921287072235 0.0028445684309014643 0.9997514001130698 14.646492597239863 0.0 0.0 0.0 1.0
0.9996940108333607 -0.01630190373798285 0.01857714063502661 0.6465001300211319 0.01620655608577273 0.9998541301267171 0.005271751868987854 -0.4332812097038954 -0.018660233688188886 -0.004969129296317287 0.9998136548648899 14.855617834645397 0.0 0.0 0.0 1.0
0.9996395536598526 -0.013961756457750713 0.022908972851875938 0.6365402838562526 0.013205068078958705 0.9993722354123243 0.03285559691589482 -0.4746519224684079 -0.023353170145166538 -0.032541336242606425 0.9991976271970314 15.007789340205347 0.0 0.0 0.0 1.0
0.9998718791494349 -0.0112998842612784 0.011293713519273758 0.637634063780697 0.011288735251775253 0.9999350877942403 0.0010508248321934508 -0.42752087590924687 -0.011304704253307494 -0.0009232545870801758 0.999935800626745 15.111364592574706 0.0 0.0 0.0 1.0
0.9998704489787101 -0.00628447362406016 0.014784120562788336 0.6183801100125889 0.006077400902100528 0.999882737813187 0.014010203767949543 -0.4499790565546984 -0.014870276739546443 -0.013918610511377957 0.9997926378715676 15.149639969823735 0.0 0.0 0.0 1.0
0.9999210471496134 -0.0033999899276019293 0.012056603488385807 0.607128716907072 0.0032953069926603363 0.9999561704582453 0.008692282420051874 -0.45044599454651557 -0.012085468753639153 -0.008651929603463993 0.9998896628380601 15.194994484659597 0.0 0.0 0.0 1.0
0.999919801640604 -0.000683095449345342 0.012606951254623754 0.613484752921522 0.0006114975343411386 0.9999830647713771 0.0056826039187723885 -0.44219767412103445 -0.012610458062127966 -0.005674499183444911 0.9999045188472748 15.225085769185714 0.0 0.0 0.0 1.0
0.9999223105003281 -0.0010380592139015625 0.012379382565643969 0.6012430352671156 0.0009780505239130658 0.9999871244550896 0.004852924804636891 -0.44142589976800917 -0.012384111285354747 -0.004840499386193496 0.999911708638287 15.213288313530464 0.0 0.0 0.0 1.0
0.9999258891223385 -0.0019345523530828962 0.011976147609691845 0.6077211348023037 0.0018658367140280217 0.9999811141932022 0.005746641662820973 -0.4527398890174422 -0.011986879513523216 -0.005723930791890113 0.9999118702777392 15.193526790456701 0.0 0.0 0.0 1.0
0.9999258046884641 -0.0019975378588700213 0.011972715009272506 0.6115551650768101 0.0019295650720643279 0.9999813535890112 0.005686593763987622 -0.4533081963571989 -0.011983701056069166 -0.0056631302393887265 0.9999122410622031 15.19991909650698 0.0 0.0 0.0 1.0
0.9999176161175173 -0.0023311117473569583 0.012583452621336864 0.6027464816135825 0.0022584271908843174 0.9999800715962045 0.005787726431420503 -0.4533629148801977 -0.01259653528907914 -0.005758891187364512 0.9999041962459287 15.19803858712092 0.0 0.0 0.0 1.0
0.9999255866174503 -0.002420491723178708 0.011915648146514446 0.6073549585855615 0.0023534401767024626 0.9999807271254038 0.0056384021019686885 -0.45202391604516573 -0.011928916247410014 -0.005610000035633971 0.9999132505087766 15.199981637849463 0.0 0.0 0.0 1.0
0.9999185969523251 -0.0022958275599409246 0.01251074933758266 0.6068241673420561 0.0022270604435269364 0.9999817229029283 0.0055081836531217735 -0.45327670187136515 -0.012523013933882573 -0.0054799333202324284 0.9999066748423405 15.200557772929974 0.0 0.0 0.0 1.0
0.9999240273239801 -0.0024995357757743183 0.012028213581678378 0.6112614908568192 0.0024387804376592055 0.9999835647504799 0.005063496876670046 -0.44968154313152886 -0.012040516117476696 -0.005033837573434172 0.9999149827098432 15.20089857239984 0.0 0.0 0.0 1.0
0.9999918958468635 -0.0002458149414748171 0.0038976255004291014 0.6383175692464805 0.0002913348395934435 0.9999310935455759 -0.011681409473679186 -0.4376033242847759 -0.003894313628499944 0.011682412547709879 0.9999243170859379 15.25193139355989 0.0 0.0 0.0 1.0
0.9999690286429426 -0.0047468878266594215 0.006199358216472046 0.6447056205983459 0.004753416218113919 0.999987519544662 -0.0010379777537175578 -0.43636300275848566 -0.006194186905782726 0.001067360876382389 0.9999803503738 15.34911133695629 0.0 0.0 0.0 1.0
0.9995336130554854 0.00487297788346387 0.030129661933067205 0.6051684804780686 -0.0046182895325116895 0.9999524249831725 -0.008516685035743899 -0.42849457302753235 -0.03016959639192591 0.0083735244778654 0.9995098373284419 15.448219079046844 0.0 0.0 0.0 1.0
0.994841293265491 -0.0016895825992474002 0.10142432574919426 0.5801925139477904 0.0006846507142379562 0.9999497437657222 0.009942229301099396 -0.46527511877568195 -0.10143597268616934 -0.009821565693440318 0.9947937034260594 15.540548302939339 0.0 0.0 0.0 1.0
0.9916970369014868 -0.00015951857196534644 0.12859239605875053 0.5912148044588335 -0.0010923835795498772 0.9999520936855847 0.009664875980762709 -0.4773263645534269 -0.12858777069216676 -0.009725165870321593 0.9916505716786063 15.661867783815634 0.0 0.0 0.0 1.0
0.9921739318974611 0.010537875989659249 0.1244141745520706 0.6287139680961273 -0.01297571216270359 0.9997384055116053 0.01880051292424952 -0.49463885617049497 -0.12418350001468677 -0.020267816804802073 0.9920523863817723 15.932461808752334 0.0 0.0 0.0 1.0
0.9930644269820338 -0.00486669030964763 0.11746655112290799 0.7087242380906026 0.002887902614657178 0.9998505583605557 0.01700990375344017 -0.49705371923965974 -0.11753176323774038 -0.016552772450804262 0.9929312711944942 16.085531149192835 0.0 0.0 0.0 1.0
0.9935526309406701 -0.001900346531375556 0.1133514062887097 0.7401194462985532 0.0003229912010757498 0.9999022689348533 0.013932400987347627 -0.4786152398987792 -0.1133667760315132 -0.01380603250752174 0.9934574164562354 16.2353471200415 0.0 0.0 0.0 1.0
0.9966010453238836 -0.002030796515608463 0.08234846470501078 0.7554356264765492 0.0011282585173133563 0.999938164771341 0.011005098271651323 -0.48102954280116544 -0.08236563961882792 -0.010874849082587524 0.9965429341539379 16.508411236691842 0.0 0.0 0.0 1.0
0.9997132361538386 -0.023568663302007797 0.004119559235856618 0.8894247242412464 0.02351417914193236 0.9996408062194398 0.01280919367307498 -0.45962840791465365 -0.004419804376884688 -0.012708725897385302 0.99990957590012 16.79471885906979 0.0 0.0 0.0 1.0
0.9983940147651367 -0.009229841646793777 -0.055885346587826595 0.9279660748091134 0.009606786522884336 0.9999322638480773 0.006479994922757567 -0.43850597218620635 0.05582198440328858 -0.007006530117504528 0.9984162480299061 17.053145156707455 0.0 0.0 0.0 1.0
0.9983369181218298 -0.012287785587613311 -0.05631497077616476 0.9106910315155416 0.012850157079274798 0.9998703994826674 0.009634899334645557 -0.44929649884294676 0.05618951561810477 -0.010342599925043142 0.9983666697860273 17.268887696127443 0.0 0.0 0.0 1.0
0.9981172697091721 0.00013963223443723283 -0.061325888326452194 0.9182649054853096 0.000209870504807062 0.9999831320496236 0.005692536513170239 -0.4512591584988892 0.06132589623705726 -0.005694749532395209 0.9981016496919158 17.512771262996015 0.0 0.0 0.0 1.0
0.9977483167400621 -0.01825830626189717 -0.0645286116517097 0.9267626588582625 0.01881058517980238 0.9997907376781685 0.007961418249581916 -0.4530163383132164 0.0643699972069111 -0.009157379873783495 0.9978841823079653 17.72082085022923 0.0 0.0 0.0 1.0
0.9972764888098652 0.00024947965894240383 -0.07374685189331846 0.9161339684625214 0.0006799391290226258 0.9999200465335703 0.012577371568890286 -0.46076509711137237 0.07374435564518628 -0.012593328916375652 0.9971977760818661 17.930184082645948 0.0 0.0 0.0 1.0
0.9970369890468922 -0.009422214125218493 -0.0763378053644048 0.9255384430578752 0.010621725429174717 0.9998255776463993 0.015322389582612894 -0.46296122352834446 0.07618038220768868 -0.016087902978429568 0.9969643751987903 18.148524152606328 0.0 0.0 0.0 1.0
0.9965356537101782 -0.01329920098197499 -0.08209055165157078 0.9124056558185972 0.013729566753431446 0.9998941637519908 0.0046802381152475335 -0.4488748772753475 0.08201989448394606 -0.005791154264978509 0.9966139662475153 18.349475087279217 0.0 0.0 0.0 1.0
0.9957473592143229 -0.012147307816766399 -0.09131585800228015 0.9047086041998544 0.013231054004190213 0.9998483230984853 0.011272048091899821 -0.4614045094034427 0.09116536107895995 -0.012432387907640974 0.9957582593336474 18.556637473451858 0.0 0.0 0.0 1.0
0.9952008463551306 -0.018931510529102292 -0.09599933334752483 0.8939556925998834 0.0203241087857355 0.9997010135674791 0.013549213131138424 -0.4651653276940085 0.0957144093164976 -0.015435365368723706 0.9952892698884708 18.763472117255418 0.0 0.0 0.0 1.0
0.9948469342234619 -0.004222765974524293 -0.10129559491907175 0.8598528516114947 0.004592796411439927 0.999982986975104 0.0034199896786962676 -0.46200073195310903 0.10127972342507478 -0.0038676546342067473 0.9948506143808646 18.937940412616996 0.0 0.0 0.0 1.0
0.9944861563384844 -0.021053672003085066 -0.10272795793676456 0.88073397840503 0.022208892046768947 0.9997015775807693 0.010114491834760497 -0.4978691502223366 0.1024846487751694 -0.012340267877518116 0.9946581481019205 19.144649406320156 0.0 0.0 0.0 1.0
0.9945396038136659 -0.017893516211418953 -0.1028093286174989 0.862295540378239 0.0185718968213878 0.9998109718408418 0.005644908239973336 -0.4967655367814517 0.10268918007454549 -0.0075235145718494535 0.9946851614691987 19.24648383705384 0.0 0.0 0.0 1.0
0.9943208742301818 -0.015908958634975382 -0.1052232815355593 0.8573131266988699 0.01626551798147321 0.9998638757102302 0.002531251267637641 -0.48749580853697067 0.10516899269856761 -0.004228448345182919 0.9944454638150815 19.296745517973406 0.0 0.0 0.0 1.0
0.9941763109978443 -0.012950168412309915 -0.10698028173243675 0.8541153244608952 0.013297415083938032 0.9999077394656696 0.0025331391392426194 -0.48682497275803593 0.1069379115120449 -0.003941008247480345 0.994258002184787 19.321194522594546 0.0 0.0 0.0 1.0
0.9941416185914428 -0.011424046981411688 -0.10747517886528245 0.8485426890351512 0.012164209660107199 0.9999059528355565 0.006233714746059007 -0.49381017439748565 0.10739415762329861 -0.007504610124623264 0.9941883154593548 19.349017714253538 0.0 0.0 0.0 1.0
0.9940722153026793 -0.013882158699720157 -0.10782712942318369 0.850097010611428 0.014470615478146216 0.999883717296096 0.0046768066498898515 -0.4927959079308018 0.10774996996063177 -0.006209471356832889 0.9941587388707475 19.3543127484433 0.0 0.0 0.0 1.0
0.9940767863594616 -0.013730793992717417 -0.10780446395178475 0.8530068524691619 0.01426583057668497 0.9998888563339513 0.004193322403751704 -0.4915105965677499 0.10773520376082112 -0.005706467363538604 0.9941633459071219 19.358970135529102 0.0 0.0 0.0 1.0
0.9941002342339121 -0.013697683401317535 -0.10759222610644674 0.8502124086837222 0.014227179446011323 0.9998895435976469 0.00415520191756953 -0.49160046803058144 0.10752372395348171 -0.005661483513653304 0.994186523845348 19.358845706715375 0.0 0.0 0.0 1.0
0.9941113022111885 -0.01375354117497628 -0.10748258935787404 0.851548450512311 0.014285396061087505 0.9998886254343197 0.004179831568899188 -0.49062430424415193 0.10741342737937618 -0.005690711664737014 0.9941982653480388 19.359029609950007 0.0 0.0 0.0 1.0
0.9940588230706978 -0.013758530496234243 -0.1079664361583973 0.8507373501994253 0.014285770052170672 0.9998889068262536 0.004111359977267321 -0.49179794491359785 0.10789817376027631 -0.005629379822261953 0.9941461240741376 19.358749917355436 0.0 0.0 0.0 1.0
0.994067898031946 -0.013827198358026049 -0.1078738518562486 0.8489833237109988 0.01432054576267814 0.9998895992049757 0.0037999711418359888 -0.48927860510051135 0.1078097025438429 -0.005322303879909516 0.9941573904528477 19.35870638306825 0.0 0.0 0.0 1.0
0.9940804096756248 -0.01372513534801265 -0.10777190423795581 0.8476683878546413 0.014221709931449625 0.9998908916023275 0.003840338830885578 -0.49029541415989225 0.10770773741900587 -0.005350368408181728 0.9941683190391966 19.358230817141838 0.0 0.0 0.0 1.0
0.9940819991098431 -0.013556990263336465 -0.10777830845099742 0.8523706568317833 0.014091331135283118 0.9998913016573345 0.004197662688605385 -0.4918551709375787 0.10770998579797962 -0.005691623363621655 0.9941661596661656 19.35074755842044 0.0 0.0 0.0 1.0
0.9940813647057531 -0.013671021786591712 -0.10777002078738601 0.8497886701653024 0.01419367253661112 0.999890332902056 0.004084040030712551 -0.4909975528456726 0.10770266838425581 -0.005589582782441073 0.994167550991025 19.34992289705071 0.0 0.0 0.0 1.0
0.99407543515534 -0.013559765271869232 -0.10783862459248825 0.8495194285275101 0.014062287946225814 0.9998929078873616 0.003900791788709535 -0.4920137419325543 0.10777448295629452 -0.005394201079887725 0.9941608419584415 19.349784393758537 0.0 0.0 0.0 1.0
0.9941139362118304 -0.01376905634396244 -0.10745670234434208 0.8466381929755943 0.014283620361360992 0.9998892559607214 0.00402029663821941 -0.4913630841936797 0.10738975531660404 -0.0055315657004895 0.9942017006056515 19.35081485158498 0.0 0.0 0.0 1.0
0.9940799350476476 -0.013550731162025058 -0.10779842862902149 0.8479947285094097 0.01405838520901481 0.9998927756496125 0.003950660508665342 -0.4916149661267079 0.10773363588778163 -0.0054428062035214095 0.9941650159058295 19.349599987747744 0.0 0.0 0.0 1.0
0.9941249434813567 -0.013709978540636903 -0.10736202842923763 0.8472507058290054 0.014213136241837279 0.9998906631435522 0.003922703094018051 -0.49149712490653763 0.10729681241212456 -0.00542567037500902 0.9942123262905049 19.35168971880797 0.0 0.0 0.0 1.0
0.9940770860083158 -0.01357843318919005 -0.10782124969848235 0.8481576986051584 0.0140856993229589 0.9998924011273934 0.003944431069955746 -0.4925505895473461 0.10775639430363829 -0.005439868345610905 0.9941625320684035 19.353528724604278 0.0 0.0 0.0 1.0
0.994082433273106 -0.013796157891445622 -0.10774422431121124 0.8488082144239629 0.014310248752997454 0.9998889612371059 0.0039996086331450095 -0.4907317347199659 0.10767738810305183 -0.005517849446754282 0.9941706796845229 19.35305935532324 0.0 0.0 0.0 1.0
0.9940933444671238 -0.013801454026920554 -0.10764261414442851 0.8500866279027607 0.014348842507441928 0.9998871474073783 0.004312309283338669 -0.4916415111876189 0.10757124702605657 -0.005831447571847903 0.994180414113903 19.354685545949156 0.0 0.0 0.0 1.0
0.9941226144685121 -0.01362364146587462 -0.10739460272227824 0.8467301860111945 0.01396910020535319 0.9998987515215694 0.002465035526423942 -0.488221708638057 0.10735044950591466 -0.003950813850715582 0.9942134932298875 19.346491635669125 0.0 0.0 0.0 1.0
0.994001297947373 -0.015758536344477374 -0.10822232591541871 0.8438633663883857 0.016590504116213392 0.9998386620009025 0.006791419926258825 -0.49887817174921156 0.10809814781433334 -0.008546209288302398 0.994103594334652 19.420037040291202 0.0 0.0 0.0 1.0
0.9934481733826418 -0.009317038214886098 -0.11389871537477206 0.8330698119537556 0.010024152631282304 0.9999332745431492 0.00563706677888831 -0.4964371419512844 0.11383890151956955 -0.006741934827800977 0.9934764561643948 19.51913314390905 0.0 0.0 0.0 1.0
0.9917123183996053 -0.029884306368767426 -0.12495027111337664 0.8352280743801568 0.030413827395479875 0.999534045125504 0.0023319716237102184 -0.49599751356564575 0.1248226787991041 -0.00611292640270502 0.9921603768631598 19.65252744889419 0.0 0.0 0.0 1.0
0.988294795439794 -0.01691373778224853 -0.1516123662224692 0.8233157525267604 0.017151213224604136 0.9998522827104854 0.0002586260953182625 -0.495038475485597 0.1515859480802155 -0.0028559943307641176 0.988440051925545 19.81727811972489 0.0 0.0 0.0 1.0
0.988527493859937 -0.019361956484916804 -0.14979156162077523 0.7988397470627085 0.020513320927897892 0.9997700917456083 0.006145022289724351 -0.49955992895815343 0.14963848617955267 -0.009147313695950461 0.9886986005201164 20.01393507796668 0.0 0.0 0.0 1.0
0.9884850629650916 -0.016552238930447907 -0.15040728647721738 0.7680783541477497 0.016999353518357747 0.9998534385038345 0.00168733285850728 -0.5024773620855165 0.15035767307805514 -0.004224790905906324 0.9886227494828327 20.17744517281673 0.0 0.0 0.0 1.0
0.9872236366465644 -0.021138645841188346 -0.15792937132514154 0.7601683607585045 0.022509245312616222 0.9997222178011581 0.00689470910661898 -0.5071661011042633 0.15774012018026703 -0.010361559516174415 0.9874264380998387 20.37604079507003 0.0 0.0 0.0 1.0
0.986402520082056 -0.022729939762877377 -0.16276490091171597 0.7255295952499679 0.02349643302763255 0.9997194240255242 0.0027854625404876384 -0.5094646724902507 0.1626562895191316 -0.006572047315949553 0.9866610201079371 20.551945012703055 0.0 0.0 0.0 1.0
0.9856835357465945 -0.01398422529350273 -0.16802213222738338 0.6960829262211725 0.012978434643722678 0.9998900943419502 -0.007082784545558346 -0.4977622153501965 0.16810308559126289 0.0048006702684041435 0.985757871990328 20.747672653821084 0.0 0.0 0.0 1.0
0.9842309496833052 -0.034445892564487365 -0.173499080191897 0.6796093518233239 0.034949176084887845 0.999388480883462 -0.00015431118815458845 -0.5096178561120894 0.17339867673151732 -0.005911838498460332 0.9848340997920211 20.937178281115273 0.0 0.0 0.0 1.0
0.9837749003031694 -0.014097560971919791 -0.17884963595497083 0.6342100933177872 0.014953629789307157 0.999881668435053 0.003439242953412139 -0.5196983585097216 0.17878036815510806 -0.006057955146818672 0.9838704894761704 21.15117485940535 0.0 0.0 0.0 1.0
0.9829805880490207 -0.01724304396335499 -0.1828957633884503 0.6189553285490728 0.017722873600077533 0.9998418450951707 0.0009891848824087896 -0.5171274378601269 0.1828501672305663 -0.0042138492110024165 0.9831318781684304 21.291774629752236 0.0 0.0 0.0 1.0
0.982674470590295 -0.017102449322873105 -0.1845464938453118 0.5907416299835562 0.014649831628924593 0.9997848113598946 -0.014645410683576743 -0.5110699079466677 0.18475765247358886 0.011688052587686204 0.9827147103757535 21.46995123235802 0.0 0.0 0.0 1.0
0.9808774636592672 -0.003202089692505588 -0.19459747079750578 0.5857470522627073 0.0029958573779177463 0.9999939735249861 -0.001354111260677155 -0.5321404433949661 0.1946010408143054 0.0007451777266149932 0.9808823381340581 21.63852821078088 0.0 0.0 0.0 1.0
0.9814397300307754 -0.001057247299346198 -0.19176531644257447 0.5316347373242937 0.0001243856137823127 0.999987473144785 -0.004876596602773771 -0.5396664464942722 0.1917684825762159 0.004762185161698185 0.98142874533737 21.86160822847968 0.0 0.0 0.0 1.0
0.979465360537869 -0.003874193648903635 -0.2015727371413701 0.523574670792081 0.004212868240967663 0.9999897086433726 0.0012511589217091032 -0.5541823336460678 0.20156622806471947 -0.002074722574015809 0.9794727866662195 22.046955741775903 0.0 0.0 0.0 1.0
0.9782099501630741 -0.019870104671303422 -0.20666267110125883 0.4911940274822575 0.021509683750195307 0.9997518071643738 0.005689497064060368 -0.5500222438181227 0.2064987524334123 -0.010010839366662999 0.9783957758739964 22.207903238678522 0.0 0.0 0.0 1.0
0.9773325698744892 0.0007800952116767219 -0.2117060073570067 0.458514397406243 -0.0015551232762248187 0.9999920932140564 -0.0034944178145844456 -0.5556095684306392 0.211702034195811 0.003744389044206244 0.9773271743734516 22.385547073825997 0.0 0.0 0.0 1.0
0.976521422180828 -0.011421549372875114 -0.21511490527577606 0.43735409106467665 0.011433322706262744 0.9999333400927517 -0.001189632674079684 -0.567085738096515 0.2151145819512186 -0.001297833002047166 0.9765880653924326 22.53874076595704 0.0 0.0 0.0 1.0
0.9752092122775413 -0.013829634232059912 -0.2208500884230068 0.412479057758028 0.012211622394733161 0.9998870704601986 -0.00869001586911704 -0.5512081102471489 0.22094576805958047 0.005777598006690182 0.9752691124041172 22.698880187764736 0.0 0.0 0.0 1.0
0.9727588190813232 -0.005594121045369513 -0.23174970579593132 0.3678943871040557 0.0048167480346156715 0.9999801204097212 -0.003920093088129268 -0.5646478095609154 0.23176747672689593 0.0026969743167511383 0.9727675763083817 22.890371845585484 0.0 0.0 0.0 1.0
0.9731181688562223 0.004290291393201887 -0.23026431128554026 0.3202069970032546 -0.004267760252251366 0.9999901189446917 0.0005958733196287657 -0.5895880086184806 0.2302650382515901 0.0004028062250391396 0.973127987846217 23.081354425825474 0.0 0.0 0.0 1.0
0.9734810158782178 0.015065106925821154 -0.2282689858451511 0.2962394834761817 -0.007985177719734149 0.9994582793397312 0.03190763437349685 -0.6000837786083054 0.22862648520296144 -0.029238793321066586 0.9730751413194864 23.2465484561799 0.0 0.0 0.0 1.0
0.9705342746056435 -0.012541280076116929 -0.240634546803724 0.29002967674280666 0.01377537879444735 0.9998985309090489 0.003446983909034532 -0.5956539384159664 0.24056736003603546 -0.006660311090849148 0.9706097175466033 23.29876384358839 0.0 0.0 0.0 1.0
0.9704802777014759 -0.007203959226597712 -0.24107071954448644 0.2737011016413051 0.009425561296602563 0.9999224457811191 0.008063675864714634 -0.5924300486577212 0.2409944079056816 -0.010097932398944352 0.9704740711454274 23.35945722659285 0.0 0.0 0.0 1.0
0.9705983072266358 -0.006968013782647007 -0.2406021844128564 0.24790667364169428 0.009291042072041417 0.9999199059937663 0.008521984740948037 -0.6019865198149339 0.24052398556556484 -0.010506936335237905 0.9705864423983582 23.402428145836197 0.0 0.0 0.0 1.0
0.9705520213504718 -0.006835912179706213 -0.24079253183260435 0.24658496625378223 0.008533885382201373 0.9999449107245757 0.006009482980840141 -0.5946089262399386 0.24073866393067583 -0.007887475977208952 0.9705580159545648 23.406169720277603 0.0 0.0 0.0 1.0
0.9706453829805518 -0.007816475360968363 -0.240386126123983 0.23880371067281803 0.009328939657586043 0.9999426052689816 0.005154459731628253 -0.5943575200643032 0.24033247895838308 -0.007245763533416105 0.9706637061523347 23.40747640625643 0.0 0.0 0.0 1.0
0.9706708720917825 -0.008454514041842639 -0.2402614915898803 0.2205061936129722 0.007547350899334591 0.9999598479165985 -0.0046956613261694155 -0.6044648926523155 0.24029201724730223 0.002744552507409252 0.970696859205359 23.427837591235985 0.0 0.0 0.0 1.0
0.9724633337351143 -0.01019616810387059 -0.23283074597086753 0.21930019230505005 0.010229392892618308 0.9999465027337695 -0.0010648024969734582 -0.6090822766298575 0.23282958654027372 -0.0013462920966738634 0.9725167359201705 23.50862270262474 0.0 0.0 0.0 1.0
0.9788636818295671 -0.002398707042780312 -0.20449728226331845 0.21674563962028248 0.0029484318213438216 0.999992170137216 0.0023835000833679998 -0.6028624492262138 0.20449039104991906 -0.00293612509968212 0.9788642642302453 23.637179981950265 0.0 0.0 0.0 1.0
0.9891395490541767 -0.010843963360054385 -0.14657559722482663 0.1814558098008363 0.01261451514644392 0.9998575857681612 0.011155270977310406 -0.6190304628908769 0.1464341083976605 -0.01288317150858806 0.9891366288978651 23.778687000088155 0.0 0.0 0.0 1.0
0.9948577173590032 -0.014415866050199618 -0.10024624972608505 0.16450211988688968 0.015464188933120482 0.999832840876629 0.009688208300193972 -0.6351248717571374 0.1000901238218099 -0.011188685185745917 0.9949155757358444 23.915907631054694 0.0 0.0 0.0 1.0
0.9939737222399706 -0.0037298920141107055 -0.10955052407979125 0.13449376666405144 0.005863565519891147 0.9997986283558112 0.019160877459788405 -0.6349247841608621 0.10945729478471246 -0.019687843780610923 0.9937966220139294 24.136348097493325 0.0 0.0 0.0 1.0
0.9935591435416442 -0.010819820219620035 -0.11279250443340912 0.15075520508606977 0.016515386915316302 0.9986278115397647 0.04968446693912204 -0.6516497727234953 0.11210045776453598 -0.05122739333288222 0.9923756644430373 24.27783249022093 0.0 0.0 0.0 1.0
0.9930356816859834 -0.012461804417982551 -0.11714890878446547 0.09260501778113273 0.014021327136520075 0.9998229636392273 0.012497549554012239 -0.6286084797577058 0.11697273875208664 -0.01405316729832785 0.9930358362527391 24.354324828821753 0.0 0.0 0.0 1.0
0.9931497268426555 -0.008378446282105746 -0.1165434448997815 0.09074436433198396 0.010624801858380955 0.9997686694254438 0.018666910651746194 -0.6405974325621756 0.11636039507881123 -0.019777367475662805 0.993010257727992 24.419169353872356 0.0 0.0 0.0 1.0
0.9922633718160464 -0.01073338031522624 -0.12368188164485952 0.07215591660608434 0.012064129947776803 0.9998764538676786 0.010015490104314595 -0.6246789762870688 0.12355942365228227 -0.011430187684641302 0.9922714300954172 24.567672140481147 0.0 0.0 0.0 1.0
0.9921272047149401 -0.02533753607266938 -0.12264003811966313 0.08142777479146646 0.030424657353190512 0.9987442841178238 0.039786402695227124 -0.6393768738042069 0.12147825935271057 -0.04320456490897312 0.9916535020393579 24.737061759725524 0.0 0.0 0.0 1.0
0.9913555712622674 -0.010247129041915104 -0.13079794585463658 0.03978068553329139 0.011412583376678333 0.9999009499329649 0.008163804796678458 -0.6244330180881615 0.13070166211324805 -0.009586042651788884 0.9913754989964965 24.887707911782122 0.0 0.0 0.0 1.0
0.9915055650717691 -0.015339526429691613 -0.12915270875143536 0.02571791232055909 0.018260373410034447 0.9996023005932971 0.021461660129199683 -0.650164891585568 0.12877245582703112 -0.023637815443527922 0.9913925442859948 25.04208765777873 0.0 0.0 0.0 1.0
0.990549588201996 -0.020828237505598778 -0.1355606221356324 0.012014407027024832 0.021766251737026128 0.9997476439370035 0.0054408549450481545 -0.6230017306712474 0.13541342354124503 -0.008340150494113572 0.9907541995063326 25.239445068964866 0.0 0.0 0.0 1.0
0.9897784820494226 -0.011611859344461328 -0.1421361963684603 0.007490598191232323 0.01336692714035521 0.999845070585296 0.011399149629754492 -0.6299514523182501 0.14198215086139013 -0.013182629013095973 0.9897815378600807 25.355032916258935 0.0 0.0 0.0 1.0
0.9930845475448536 -0.013068870683529571 -0.11666728537953504 -0.03608982924644377 0.015086066652896971 0.9997507026298093 0.016423817222640826 -0.6489753788826251 0.1164238651654054 -0.018070367247849394 0.993035351839754 25.55378513643003 0.0 0.0 0.0 1.0
0.9961550349501226 -0.003917069522248018 -0.08751433543898876 -0.1009800310917347 0.005668490799638954 0.9997878282384853 0.01977335840890789 -0.6573408305873513 0.08741858491726597 -0.020193484488931424 0.9959670953516064 25.73331468296896 0.0 0.0 0.0 1.0
0.9955299281313783 -0.013520555817042996 -0.09346856906950171 -0.08150219506338718 0.014631372297514158 0.9998295068949334 0.01120926323203804 -0.6484634642128092 0.0933013614160837 -0.012526801550559487 0.9955592336591582 25.88745635402796 0.0 0.0 0.0 1.0
0.9969092844182472 -0.008735332111866619 -0.07806773147705291 -0.12445920352020934 0.01016319203776313 0.9997873300441694 0.01791138378295954 -0.6711624452761926 0.07789493063351909 -0.01864951875142944 0.996787230037785 26.08988274804856 0.0 0.0 0.0 1.0
0.9994848160681644 -0.029145324595950428 -0.01340256281270404 -0.14351699329978973 0.029361101464646083 0.9994370582892438 0.016194877057091005 -0.6549678619271411 0.012923194370226146 -0.016580126242730198 0.9997791282232625 26.247681509287432 0.0 0.0 0.0 1.0
0.9995738458312312 -0.025527775339829226 -0.014121523549211324 -0.16102488386236824 0.02582811439764096 0.9994343014955723 0.021511089770612397 -0.669958937536299 0.01356459401106581 -0.021866740194840577 0.9996689930133812 26.473477828466734 0.0 0.0 0.0 1.0
0.9994997317854638 -0.014534415498217388 -0.02807200124054082 -0.11933514432033976 0.015191700349648772 0.9996114385873269 0.02334450152036463 -0.6712296088295102 0.027721997188192085 -0.023759366668818595 0.9993333844375362 26.65550299720968 0.0 0.0 0.0 1.0
0.9944105040072292 -0.02072858847351221 -0.10352328364982391 -0.10028387879377876 0.021461368964040883 0.9997512203195239 0.005969402112762183 -0.6443588909283559 0.1033740865586884 -0.008157853926316115 0.9946092339960071 26.778046313667204 0.0 0.0 0.0 1.0
0.9909179749300213 -0.01278735451220993 -0.13385447055261582 -0.10494429987722109 0.013014040667594583 0.9999143425759137 0.0008186656579627473 -0.6254159798056467 0.1338328710148845 -0.002553276621361406 0.9910007220388286 26.980620661716173 0.0 0.0 0.0 1.0
0.9901004663837123 -0.031176935540505366 -0.13685060922365658 -0.1060729754087334 0.031423954849651055 0.9995054699064732 -0.0003554860374472243 -0.6374565924091471 0.1367943476750068 -0.00394848398427389 0.990591741794203 27.158383091143286 0.0 0.0 0.0 1.0
0.9895328941377106 -0.008481600494117815 -0.14405465918149427 -0.09420096515664811 0.009728717047030025 0.9999203949130765 0.007954997218436498 -0.6490041280928546 0.14397607099298557 -0.00927326475790825 0.9895378166732037 27.32160676931906 0.0 0.0 0.0 1.0
0.9886812109517366 -0.027655964641667318 -0.14745732013167606 -0.07734334718985225 0.02852062389975245 0.9995855664954355 0.0037522575777119128 -0.6417941884788148 0.14729278017149455 -0.007915428849360955 0.9890614079858133 27.479702814140758 0.0 0.0 0.0 1.0
0.9874774927572372 -0.015718225263690346 -0.1569718020642431 -0.07125205957626823 0.019017527250861758 0.9996276025347393 0.019538553680139296 -0.6503405430213459 0.15660659959228185 -0.022279180538427586 0.9874098766698548 27.645652681875923 0.0 0.0 0.0 1.0
0.9875166284180392 -0.01886214972839643 -0.15637797797808156 -0.06289873323191841 0.022155185964600508 0.9995668361113721 0.019341795551210055 -0.6645456967102286 0.15594575678675984 -0.022565012240397538 0.9875079876918155 27.757870643345008 0.0 0.0 0.0 1.0
