-0.5541360328454693 -0.028717009653537975 -0.8319306995075227 1.0647215930674485 -0.0935665449613386 0.9952200859369672 0.027969692653930327 -0.018277356233757616 0.8271509122914787 0.09333989029088804 -0.5541743322665829 1.706054962020841 0.0 0.0 0.0 1.0
-0.5542029995014172 -0.02904568675503417 -0.8318747473357135 1.0730658066858167 -0.09403292676098328 0.9951781551560276 0.02789805989510593 -0.017057573716741034 0.8270532657280825 0.09368479249447341 -0.5542620216735927 1.7138602870275055 0.0 0.0 0.0 1.0
-0.5547330894628791 -0.02896665503319754 -0.831523924167734 1.0729581790120344 -0.0935384688530837 0.9952293284951105 0.027732715830249107 -0.01885472082900364 0.8267537285323576 0.09316373164113091 -0.5547960220437594 1.7166398264963936 0.0 0.0 0.0 1.0
-0.5524310146721371 -0.02849799262889284 -0.833071185451727 1.0585837603404409 -0.09301405017558662 0.9952812521824642 0.02763308795742793 -0.01468595421018993 0.828352667962661 0.09275271066834402 -0.5524749034603832 1.6944653972307615 0.0 0.0 0.0 1.0
-0.5536761538428303 -0.029485984178906268 -0.8322100216294257 1.0695679250080912 -0.09321963892580155 0.995286013676095 0.02675586735090737 -0.011031196724809327 0.8274980277061855 0.09239239682136163 -0.5538149208402153 1.6718129481033677 0.0 0.0 0.0 1.0
-0.5536653013477326 -0.027900261966727142 -0.8322717519785348 1.0730328965186973 -0.09321461942716486 0.995233812756791 0.028647386827001572 -0.0167957604359165 0.827505810570676 0.09344095558876396 -0.5536271395354931 1.6832371156094867 0.0 0.0 0.0 1.0
-0.5542429835622927 -0.028475861144150107 -0.8318677983080099 1.0627146348603818 -0.09353694877509422 0.9952148419202193 0.02825280223760464 -0.024018081850730885 0.8270826078568351 0.09346928141395958 -0.5542544897789977 1.6816564983728577 0.0 0.0 0.0 1.0
-0.5518424370193776 -0.028515413108081478 -0.8334607709749913 1.059716582008976 -0.09448248644103649 0.9951181803516991 0.028511529190139488 -0.01657195579046894 0.828578951334965 0.09448130866381797 -0.5518427197326803 1.6586888488394944 0.0 0.0 0.0 1.0
-0.5539222027848925 -0.028138829678360306 -0.8320929009074977 1.0558393491404396 -0.09314890216681619 0.9952483904927143 0.028352734295469566 -0.02827124364838375 0.8273413164400398 0.093213741941155 -0.5539112353535699 1.709327776857813 0.0 0.0 0.0 1.0
-0.5521148438806351 -0.027775009909323155 -0.8333054688016657 1.0644509335717658 -0.09387556946272732 0.9951606753422758 0.029028355653172428 -0.014366097246975604 0.828466526425104 0.09425399470144862 -0.5520503805561637 1.6722106011261644 0.0 0.0 0.0 1.0
-0.553362334840258 -0.027701256606286223 -0.8324799215346498 1.0818051884341222 -0.09324978728828441 0.995224133799803 0.028867914319898238 -0.022443038741995467 0.8277044424028943 0.09360299602090943 -0.5533027873247156 1.7294623800251963 0.0 0.0 0.0 1.0
-0.5533786494575615 -0.027877150067871913 -0.8324631669161756 1.0644576679212254 -0.09386937299831272 0.9951598881346243 0.029074070277224917 -0.025671838383394652 0.8276234216857036 0.09423176422874255 -0.5533170923766882 1.71285572812549 0.0 0.0 0.0 1.0
-0.554358505554435 -0.028928752487311946 -0.8317750751466177 1.0582072478817115 -0.09402300364016006 0.9951747481517359 0.028052404386760852 -0.022981228017049937 0.8269499456448863 0.09375707775187206 -0.5544036381688269 1.7156636401302128 0.0 0.0 0.0 1.0
-0.5528357309927722 -0.028563571619300065 -0.8328005763736368 1.0595478794195816 -0.09403378743640486 0.995166963633098 0.02828973572337907 -0.02382661045466475 0.8279676406336423 0.09395096371356593 -0.5528498253018863 1.7101054529162272 0.0 0.0 0.0 1.0
-0.5515666302291631 -0.027271040870403655 -0.8336847960640038 1.0440202650067711 -0.09298297315345831 0.9952463808779253 0.028961670685237764 -0.02414617863708073 0.8289320244707064 0.09349278764434643 -0.5514804439676566 1.7112779695320848 0.0 0.0 0.0 1.0
-0.5542991496144704 -0.02887678033316853 -0.8318163812239762 1.0663361299260032 -0.095248451418399 0.995033088188678 0.02892800369214108 -0.025606739169865222 0.8268495304533322 0.09526399117185753 -0.5542965500364413 1.7021796471244424 0.0 0.0 0.0 1.0
-0.5544726178797497 -0.028337595648879665 -0.8317194193314615 1.072526558042451 -0.09428293474303931 0.9951244240273127 0.028949507198300868 -0.024299108997363015 0.8268439291129753 0.09446865118564622 -0.5544409848974942 1.6894038681564738 0.0 0.0 0.0 1.0
-0.55320811169624 -0.028025895515461478 -0.8325716696794504 1.076179508001681 -0.09400733520671058 0.995150085321399 0.02896524420232078 -0.02983503971677713 0.827721939750358 0.09429164024703002 -0.5531597354278882 1.6745768389886642 0.0 0.0 0.0 1.0
-0.5554847278675191 -0.028372984719516183 -0.8310425076293211 1.0590469479886138 -0.09428142165423906 0.9951217884838115 0.029044627755312993 -0.04146316805705668 0.8261643643230293 0.09448571703130512 -0.5554499911693442 1.6788190265763732 0.0 0.0 0.0 1.0
-0.5539525490774706 -0.029117560094284945 -0.8320389747034056 1.05665860112967 -0.09448044790547318 0.9951307099648695 0.02807789436316869 -0.035115645079090714 0.8271699782265313 0.09416523042854827 -0.5540063648651737 1.673009827795972 0.0 0.0 0.0 1.0
-0.5555925289969046 -0.02818146478464966 -0.8309770779290258 1.0318113313676607 -0.09444924403380756 0.995095401097731 0.029401581959807743 -0.040078960610086575 0.8260728770353634 0.09482044689643336 -0.5555292464545477 1.6645087387860933 0.0 0.0 0.0 1.0
-0.5545218267636218 -0.02833007037335497 -0.8316869833145445 1.026514670817668 -0.09468059062297488 0.9950784170095839 0.029231901940101338 -0.04274207295398066 0.8267656667214978 0.09495433349515343 -0.5544750578824091 1.683279811580887 0.0 0.0 0.0 1.0
-0.550898988180455 -0.02782634490488408 -0.8341079888916318 1.0017408258184826 -0.09416723423542073 0.995134038259871 0.028995877215592884 -0.030514115970012048 0.8292424172695023 0.0945194382038926 -0.5508386704995859 1.6486022853144195 0.0 0.0 0.0 1.0
-0.5525209577839376 -0.027143031365167537 -0.8330569095400229 1.0632815952877686 -0.09402980302040984 0.995119050395253 0.02994139306005277 -0.02977520888372304 0.8281780975704033 0.09487542484786962 -0.5523764045996383 1.6790562243440192 0.0 0.0 0.0 1.0
-0.5519327286215994 -0.02710430150331006 -0.8334479541844333 1.0584804424031882 -0.09413866190965645 0.995107602737693 0.029979703571381505 -0.02623656061314199 0.8285578731096179 0.09500646212392354 -0.5517840716237715 1.6542060669596264 0.0 0.0 0.0 1.0
-0.5494351644636566 -0.026629498532972615 -0.8351116657326974 1.071860564306813 -0.09402180575205332 0.9951141764960452 0.03012711790445829 -0.023099950781842217 0.8302292480272289 0.09507162543702993 -0.5492545225720681 1.6392303079240904 0.0 0.0 0.0 1.0
-0.549466617443951 -0.02583246729309855 -0.835116062673853 1.0496588539578067 -0.09252507708249336 0.9952555362705373 0.03009107910531311 -0.027554420861164754 0.830376619610437 0.09380323621539736 -0.5492498217149395 1.6252411287139081 0.0 0.0 0.0 1.0
-0.5515361231683821 -0.027125253710941946 -0.8337099831368363 1.0760940177348166 -0.09370349699298208 0.995159736688417 0.029610891327030386 -0.018917790416043644 0.8288713695562756 0.09445300884884925 -0.5514081896677279 1.6414259464402687 0.0 0.0 0.0 1.0
-0.55175765444336 -0.0279873095652595 -0.8335347233106098 1.0659203968909319 -0.09335696784127198 0.9952281039968514 0.028381142099401444 -0.011931627782521487 0.8287629121214244 0.09347579665966424 -0.5517375654414131 1.6595950725309319 0.0 0.0 0.0 1.0
-0.551364684650739 -0.03462765404288408 -0.8335453412402385 1.060655334935096 -0.09164391055055048 0.9956055638905172 0.01925957250265074 -0.03291450449398037 0.8292155294947711 0.08700840350336426 -0.5521151096877986 1.7498200034488292 0.0 0.0 0.0 1.0
-0.553482759490565 -0.03925187110316938 -0.8319354410687181 1.0437375471310608 -0.10042903536876745 0.9947455756490597 0.01988146965580747 -0.024263674309570573 0.8267836591220626 0.0945545144929645 -0.5545165529172871 1.6092685486965432 0.0 0.0 0.0 1.0
-0.5390656300422825 -0.047233957153544934 -0.8409383374554801 0.9344584952125761 -0.11451801245835475 0.9932649054776197 0.01761946343912221 -0.02875385263490761 0.8344423436679917 0.10580062967776334 -0.5408439933620495 1.4904620874638514 0.0 0.0 0.0 1.0
-0.5540860487436176 -0.02897597478145194 -0.8319548431682008 0.8970938612583228 -0.09302100762897844 0.9952901293370383 0.02728771998944686 -0.02416105946779524 0.8272458170965785 0.0925090281394574 -0.5541718746252555 1.4073692320958542 0.0 0.0 0.0 1.0
-0.5229827012783623 -0.04209883052637933 -0.8513029321283719 0.6746487907515432 -0.09727397059138909 0.9952018170980832 0.010543577176175167 -0.026900067948624443 0.8467742521143857 0.08832373000509089 -0.5245683409378467 1.2112427978180793 0.0 0.0 0.0 1.0
-0.4344692352798228 -0.035553942712158414 -0.8999846820357666 0.5969454012525249 -0.09617401608891536 0.9953391676618941 0.007107251877119439 0.0045142861849267355 0.8955372748558382 0.08964301413345584 -0.43586359307092093 1.1560464987017849 0.0 0.0 0.0 1.0
-0.37748328423451266 -0.031150039758279666 -0.9254924389367458 0.4368632918784288 -0.0912883852257702 0.99581758001935 0.003717022872260003 -0.009764316049806123 0.9215057750242902 0.08588981778951649 -0.378748146040082 1.0831038268238165 0.0 0.0 0.0 1.0
-0.38791686343266746 -0.019822534344695997 -0.9214811024910572 0.34588812340477953 -0.0843385258024058 0.9963378285022658 0.01407126007025066 -0.042780606120591515 0.917827475977119 0.08317484874113219 -0.38816815737771393 1.0518325874676073 0.0 0.0 0.0 1.0
-0.395592630140852 -0.01705727025848165 -0.9182676465068954 0.09923053746135269 -0.08730325264087666 0.9959984590116177 0.01910937081678556 -0.005944113277287383 0.9142671729009684 0.08772728017560028 -0.3954986947876078 0.8321775616106002 0.0 0.0 0.0 1.0
-0.4030414405343996 -0.02504703706477301 -0.9148390762015624 0.07350586797553788 -0.07701798754212434 0.9970076532908412 0.006634328163501914 -0.030634941085486048 0.9119353040964876 0.07313296493056319 -0.40376448389943753 0.8419655006957757 0.0 0.0 0.0 1.0
-0.39910056963957147 -0.024541827904621904 -0.9165786155377117 0.062066991059153094 -0.0789335443630777 0.9968503047982555 0.007678441943525249 -0.02848979790469237 0.9135032104207252 0.07541326599302833 -0.3997806205524779 0.8505232103868213 0.0 0.0 0.0 1.0
-0.398216248561102 -0.02859062530877015 -0.9168458731181801 0.03625869300180643 -0.08615005013597016 0.9962619102188985 0.006350684178700949 -0.035496551634587016 0.9132370917879985 0.08151526304913319 -0.3991907615955746 0.8020079430940972 0.0 0.0 0.0 1.0
-0.39282860022780286 -0.026624325439162235 -0.919226039765743 -0.006734873413719385 -0.08313251757416372 0.9965162169758276 0.006663506201253331 -0.031096686850265145 0.9158462796898286 0.07903519939958958 -0.3936734030239517 0.793020452566875 0.0 0.0 0.0 1.0
-0.4012965304307798 -0.02957702127484801 -0.9154704333818292 -0.022941092375681923 -0.07889295924408632 0.996880291621796 0.0023755412882998476 -0.022431683939046085 0.9125440860998663 0.07317746142407577 -0.40237814008961764 0.8084868820792086 0.0 0.0 0.0 1.0
-0.3951024631837905 -0.02697360720644029 -0.9182410666019596 0.010118830804450968 -0.0802647459539299 0.9967597304010427 0.005256347410319401 -0.03088332608007173 0.9151239327898207 0.07577916856582304 -0.39598738630250846 0.7811144229844232 0.0 0.0 0.0 1.0
-0.3960927119566613 -0.028097194731062085 -0.9177805262611342 0.01597329303068345 -0.08225030816325095 0.9965992521614231 0.004987153403751542 -0.03965843312420012 0.9145192139968699 0.0774631081954518 -0.3970567465902153 0.7963851052969096 0.0 0.0 0.0 1.0
-0.3698796465123176 -0.027867978132283085 -0.9286616446229395 0.025073724238122888 -0.08199705995474539 0.9966287861637567 0.002751291160047046 -0.04540500605036158 0.9254541679549744 0.0771651639784134 -0.3709178605052149 0.7563022344462885 0.0 0.0 0.0 1.0
-0.3443526953601449 -0.026718540668766173 -0.9384601779942068 0.04418364033760513 -0.07486164735759468 0.9971934930875022 -0.0009214502061465475 -0.04584421161154564 0.935851042392093 0.06993737017145375 -0.3453865707374267 0.8353422413933436 0.0 0.0 0.0 1.0
-0.28060720073988155 -0.02187308173024941 -0.9595734647392454 0.09946885442983724 -0.07113107206126795 0.9974651231188649 -0.0019360149997021264 -0.06484982169927272 0.9571834561092322 0.06771223045610761 -0.2814518106122972 0.9072324333750674 0.0 0.0 0.0 1.0
-0.23784010237148848 -0.0213069180557245 -0.9710705244029604 0.11185261574683522 -0.07397893618533126 0.9972527134570328 -0.0037620559441944542 -0.0747584706634599 0.9684829467746857 0.07094400501850169 -0.23876275818268425 0.8537970720416478 0.0 0.0 0.0 1.0
-0.14429219087036516 -0.021685336596101796 -0.98929750985709 0.12403275408225702 -0.07127568961048804 0.9973907303326899 -0.011466951802017249 -0.05989998075111672 0.9869648554788756 0.06885826190956666 -0.1454613877274577 0.8141807093502419 0.0 0.0 0.0 1.0
-0.07767371622514098 -0.01581078204689042 -0.9968534447859941 0.13792860680138844 -0.058627146614248934 0.998216402537099 -0.011264237560097897 -0.07233379498805201 0.9952535033451655 0.05756774041658122 -0.07846206988341009 0.7084135125061854 0.0 0.0 0.0 1.0
-0.028239887733282787 -0.011861699007252324 -0.9995309168548376 0.05279032863736399 -0.05554555927647598 0.9984032326882147 -0.010278982620653488 -0.05263140333322774 0.9980567743388407 0.05522922110202919 -0.028853623897040062 0.6425619849385542 0.0 0.0 0.0 1.0
0.03806219584122206 -0.008433150893517715 -0.9992397106615978 0.03605160938302858 -0.05601625954155057 0.9983739855692012 -0.010559560824723029 -0.031743757012912766 0.9977040277229308 0.056375590045923 0.03752792801987435 0.5452649633646482 0.0 0.0 0.0 1.0
0.12412703603971108 -0.004616189530396074 -0.9922555665475291 0.062463786903019944 -0.05292752470038318 0.9985347994677062 -0.01126641199485443 -0.03116681506634186 0.9908536566671496 0.053916096955037546 0.1237008202576521 0.49346702830658057 0.0 0.0 0.0 1.0
0.1799394472756805 -0.004792075469597752 -0.9836659696690637 0.13154551455650074 -0.05165219500792562 0.9985625410207181 -0.01431324400294003 -0.042225823693264636 0.9823206197157933 0.053384026314188836 0.17943326244373575 0.45926302257598445 0.0 0.0 0.0 1.0
0.1772136029256892 -0.003972117832241437 -0.9841643769720585 0.12717578057790785 -0.04909750192864394 0.9987110466033238 -0.012871576069140658 -0.05008290768150766 0.9829469159306676 0.05060103395419976 0.17679015235506929 0.4877552508199145 0.0 0.0 0.0 1.0
0.17511565742059654 -0.0020166913023779965 -0.9845458422154194 0.11462179375936696 -0.04976718350262465 0.9987013921522144 -0.010897495371597942 -0.048520271868558645 0.9832892450946137 0.05090639182829743 0.17478788050587937 0.4889342142339935 0.0 0.0 0.0 1.0
0.17756927079748433 -0.0014183258276354667 -0.9841073081192282 0.119258960888012 -0.05058890853850328 0.9986636424300586 -0.010567410208616635 -0.0438634067723119 0.9828071633451726 0.051661361295105956 0.17726022954420878 0.49530072886515386 0.0 0.0 0.0 1.0
0.20853587982739952 0.00021658590132965432 -0.9780146849783632 0.12745413570304018 -0.05356877791521605 0.9985013169980044 -0.011200999531224769 -0.035702166620623865 0.9765465294073309 0.054726863691682996 0.208234919679205 0.4791621771394002 0.0 0.0 0.0 1.0
0.25834674179329964 0.002016447609899633 -0.9660501561529524 0.127863319069386 -0.05392654341535489 0.9984686785918168 -0.012337237965554913 -0.043475798460471574 0.9645459951342651 0.05528303066160783 0.25805987982744705 0.4401923729551426 0.0 0.0 0.0 1.0
0.3623834816117008 0.0018113814471096077 -0.932026869611758 -0.07876776790749007 -0.06296430146989855 0.9977608510241247 -0.022542120024998006 0.19136740362707472 0.9298998379423274 0.06685336472726547 0.36168612069870026 0.5299406745062374 0.0 0.0 0.0 1.0
0.39627983008629436 0.0011642429978064987 -0.9181285582581384 -0.13992821573301528 -0.0613568498184543 0.9977969779161758 -0.025217352074779934 0.20823137890204652 0.9160772498097711 0.06632665357909863 0.3954783069012778 0.5386988184538861 0.0 0.0 0.0 1.0
0.4458502608642995 0.0026475595684775943 -0.8951030620080471 -0.08615826467839716 -0.05647658985462778 0.9980860831951746 -0.025178744576544898 0.22728132503038356 0.8933240093710704 0.061778367795989546 0.44514656214166165 0.4986339903430874 0.0 0.0 0.0 1.0
0.493226165916225 0.00626917571700426 -0.8698779915142392 -0.09361160814833402 -0.049610741573165196 0.9985489006552325 -0.0209330514772268 0.20760665439775033 0.8684851623486399 0.053480072509777085 0.49282156605164784 0.4523104144751038 0.0 0.0 0.0 1.0
0.558898522732189 0.0019739932744799833 -0.8292331101049725 -0.004098921933507249 -0.044957817877837286 0.9985982306111756 -0.027924099050909597 0.21040864078937616 0.828016323672688 0.05288729448447099 0.5582039882685248 0.4471422983540343 0.0 0.0 0.0 1.0
0.6238668508821607 -0.002266094803381427 -0.7815267730749129 -0.21658292587971095 -0.03444714873884458 0.9989439413416754 -0.030394479360979876 0.2087037808897747 0.7807709367575804 0.04588351581499827 0.6231301302668265 0.47640630673471485 0.0 0.0 0.0 1.0
0.6602152493635854 -0.003784650775831808 -0.7510662680714416 -0.18794946998918105 -0.030764318862267517 0.9990114920634803 -0.032076990515422704 0.22104087491710211 0.7504459289498231 0.04428379464487904 0.6594465092639813 0.422204845814246 0.0 0.0 0.0 1.0
0.7082990398650347 0.0021951364182201745 -0.7059083737015459 -0.21083104749022752 -0.033386377234926885 0.9989799793702966 -0.0303928921208084 0.23017241882328127 0.7051223496519726 0.04509501529756038 0.707650153005582 0.5041820584608097 0.0 0.0 0.0 1.0
0.747449682817099 0.008623250228478933 -0.6642617601529812 -0.26093592732357296 -0.03683084458451263 0.998915401410886 -0.028475627617689087 0.23133108350382664 0.663296344721893 0.04574946576059135 0.7469569202485528 0.45052465656899265 0.0 0.0 0.0 1.0
0.8000705814336794 0.0063642800466796 -0.5998712661318025 -0.28534587537767786 -0.03354992719641754 0.9988531380905064 -0.034149472484953924 0.2551920165468102 0.5989665218613774 0.047447675791843794 0.799366924813616 0.34904189877739533 0.0 0.0 0.0 1.0
0.8460958546900922 0.005497968744166986 -0.5330015583052152 -0.31380202639549104 -0.024379367353175557 0.9992991900546403 -0.028392274020239753 0.21667005803022876 0.5324724704762761 0.03701686337188819 0.8456373847176069 0.36576813090937854 0.0 0.0 0.0 1.0
0.8813121518689586 0.00021246948186285587 -0.47253344959048016 -0.2968593005874838 -0.016838126569620644 0.9993786153093152 -0.030954976868117705 0.25351713352163346 0.4722338476714749 0.03523760766022517 0.8807685791083479 0.3523521472245825 0.0 0.0 0.0 1.0
0.9095623216453921 -0.0006867866137732371 -0.41556574915378397 -0.3468949795882379 -0.014399999953602829 0.9993456865242362 -0.0331692327361009 0.25132142385233197 0.41531711837487484 0.03615366828831552 0.9089578256309528 0.41728602968814776 0.0 0.0 0.0 1.0
0.9382419899617449 5.1861778155090816e-05 -0.3459782178654415 -0.25484173163391155 -0.010583010805286902 0.9995360152789684 -0.028549614723731995 0.23133230212157885 0.34581668184057746 0.030447970616258993 0.9378078342218402 0.3910461621144705 0.0 0.0 0.0 1.0
0.9601569374678613 -0.0033976093591496313 -0.27943897522290484 -0.34720711129282344 -0.003765494162387608 0.9996777404706455 -0.025092923770950234 0.23572339999845815 0.27943462817145776 0.025145399644440857 0.9598352893699355 0.346560659256939 0.0 0.0 0.0 1.0
0.9783707026413111 -0.004928119190314836 -0.20679819919835815 -0.20507989142559202 0.0013456679696489072 0.9998463613874218 -0.01746028690689307 0.21910627695948465 0.20685288192393184 0.016804373731395546 0.9782275788695578 0.34755284680649545 0.0 0.0 0.0 1.0
0.9908861098722553 -0.0054987878967313305 -0.1345861801754589 -0.2333182813394732 0.0037381022859613476 0.9999038601562046 -0.013331065104156091 0.21136592183540182 0.13464686982510737 0.012706486093923879 0.9908120620672975 0.5120826250467498 0.0 0.0 0.0 1.0
0.998014520064247 -0.00442296113659502 -0.06282095903134005 -0.15592087657739562 0.003573535583566777 0.9999004765102834 -0.013626651791455268 0.22165572786294035 0.06287526680424733 0.013375122219336427 0.9979316320317005 0.28599431200469816 0.0 0.0 0.0 1.0
0.9999920043754447 -0.0016189256419367054 0.0035162549099732204 -0.20297039657148286 0.0016761442970358131 0.999864754023291 -0.016342652918208626 0.24308773477973683 -0.0034890753562827233 0.01634843765048545 0.9998601268396656 0.5436483394936555 0.0 0.0 0.0 1.0
0.9996785494007379 -0.007279208189060371 0.024265627136235233 -0.2293557838406639 0.007462429863604445 0.9999439308377206 -0.0074704014169290674 0.2285528134515294 -0.024209655938554394 0.007649094864578102 0.9996774927068067 0.6101549716659527 0.0 0.0 0.0 1.0
0.9996941415933787 -0.0063512542022653735 0.023881626719826268 -0.2250540578931397 0.006525494640939645 0.9999523100467848 -0.0072267696392008555 0.22228509072284885 -0.023834356001240214 0.0073804117747170205 0.9996885418957596 0.5575936635508931 0.0 0.0 0.0 1.0
0.9996606456361723 -0.006839899516859861 0.025116382823374635 -0.2392465950811533 0.007009749819085409 0.9999528222514732 -0.006682386505940124 0.213421676664371 -0.02506925398920639 0.006856191956312024 0.9996621083055 0.5731977979930267 0.0 0.0 0.0 1.0
0.9996281111667303 -0.0074049300547189304 0.0262269174998027 -0.25667472109360556 0.007596067597020526 0.9999449270871524 -0.007197240029637866 0.22384240763724883 -0.02617194696631711 0.007393797689808396 0.9996299923057083 0.5653249717145279 0.0 0.0 0.0 1.0
0.9998374398529569 -0.0017623927020511184 0.017915604102866464 -0.20817797789289783 0.001998898666696439 0.9999106655724738 -0.013194153709655916 0.2065003815043605 -0.017890512378434947 0.013227839181122457 0.9997523409128757 0.6549108651642381 0.0 0.0 0.0 1.0
0.9984044325578565 -0.005332571105931487 0.05620663755755468 -0.2660503624048598 0.00617762396204171 0.9998699819408775 -0.01487243283379326 0.21684250496655155 -0.056119812006594584 0.015195944660297007 0.9983082706153675 0.747978646937824 0.0 0.0 0.0 1.0
0.9927370433080135 -0.009064778886967344 0.11995819982483445 -0.20684929987301892 0.011109268070172734 0.9998037376174219 -0.01638596808901084 0.21353040450931976 -0.11978594271019913 0.01759962603802027 0.9926436227941592 0.941882101950176 0.0 0.0 0.0 1.0
0.9808544862150671 -0.003011644188890123 0.1947162609572933 -0.20001736110490054 0.006560024365383961 0.9998236153848226 -0.0175812611648268 0.23146592853556092 -0.19462884146922702 0.018522024740461492 0.9807019391358626 1.0061089240174397 0.0 0.0 0.0 1.0
0.9584778146079544 -0.02080865729673833 0.28440513735347844 -0.12013952818314788 0.021242084803706044 0.9997728558689233 0.0015605111776004724 0.2028141656232184 -0.2843729565320601 0.004545652354191368 0.9587028572487314 1.283548357654512 0.0 0.0 0.0 1.0
0.92694877523764 -0.016057146289261755 0.37484283756825104 -0.09684760906822332 0.017880668559747955 0.999838832557282 -0.0013870983115471015 0.15404803654519778 -0.3747601809191699 0.007988220705590524 0.9270872153124147 1.5511700937164257 0.0 0.0 0.0 1.0
0.8938382209525731 -0.034165037960247696 0.44708501910004894 0.048292500038743746 0.02693413813109069 0.999383143627809 0.022521805319693996 0.13047323839364822 -0.4475787955711486 -0.008089003401084777 0.8942077405664979 1.6581919424050433 0.0 0.0 0.0 1.0
0.8735524617523754 -0.014374789309103256 0.48651673858565003 -0.0004043036704639569 0.012424022337136739 0.9998963456856982 0.00723556858186651 0.16090334040180054 -0.4865704221176163 -0.0002761471360491349 0.873641171899095 1.716411076207791 0.0 0.0 0.0 1.0
0.8741588685436945 -0.01891057327172141 0.4852707082526851 0.05673030372750887 0.014325999214321145 0.9998105517815948 0.013155022886747634 0.14798211248411863 -0.4854276204336903 -0.004547589332640737 0.8742648633034216 1.8957780988088775 0.0 0.0 0.0 1.0
0.8737495654164619 -0.024923309123830704 0.4857361161142433 0.14694534159709205 0.026665471534968208 0.9996385826238465 0.003325499655584999 0.15531001449796378 -0.4856435697396564 0.010046739778441874 0.8740990271400271 2.2286976351225833 0.0 0.0 0.0 1.0
0.8765273444715763 -0.03981243563670662 0.4797018532828881 0.298536570183386 0.03753472992667973 0.999192071174375 0.014342274268560622 0.14427359361148684 -0.47988541108555793 0.005434087026735102 0.8773142351054931 2.2191443589051953 0.0 0.0 0.0 1.0
0.8830014544597985 -0.021433659771082067 0.4688795173410523 0.3859609948558749 0.02035256817489749 0.9997653392172702 0.007373411070118467 0.1514599003099884 -0.46892765775368 0.0030321773757240184 0.8832312201853576 2.3827311740417274 0.0 0.0 0.0 1.0
0.881512517480383 -0.02521910412769442 0.4714855820231945 0.42482496844189255 0.022392915918525966 0.9996815835983379 0.011604588531807288 0.1199068182211811 -0.4716282290232624 0.00032835200685207155 0.8817972801984314 2.5346453324536533 0.0 0.0 0.0 1.0
0.8813100813346028 -0.03599657880143718 0.4711643296885033 0.5164769808197718 0.03184536454768966 0.9993515644081669 0.01678301350490117 0.10101620442336712 -0.47146304618722595 0.00021336082724211308 0.8818856719866831 2.540736048586945 0.0 0.0 0.0 1.0
0.9037695557728259 -0.019034100945376883 0.4275948384943381 0.5915034958047651 0.018127555545929527 0.9998162148081792 0.006191440863149134 0.14812816014529462 -0.427634127761205 0.0021556205972926646 0.9039491925099613 2.7054930255494476 0.0 0.0 0.0 1.0
0.9397039962309296 -0.021900210896526294 0.3412854922621458 0.789423341005947 0.01647990525367789 0.9996876211379213 0.018773419480955067 0.09306544813631462 -0.3415900581502583 -0.012017110940368315 0.939772113002661 2.833849485342429 0.0 0.0 0.0 1.0
0.971122709375799 -0.016051196913579154 0.2380379133842677 0.9061692189140698 0.01688300472850331 0.9998561072616404 -0.0014561732965488053 0.106611343498836 -0.23798018765425538 0.005432928762715889 0.9712547122470141 3.100101263188824 0.0 0.0 0.0 1.0
0.9919367188086762 -0.012613499848531072 0.12610118978534196 1.0030549382993574 0.013305964234854759 0.9999003534124465 -0.0046508125715969285 0.11185268284937838 -0.12602980516129772 0.0062912214310048885 0.9920064059786662 3.352584909116538 0.0 0.0 0.0 1.0
0.9998976725895506 -0.005049115388772033 0.013348493631650273 1.052515481764281 0.005302711698082217 0.9998044758865327 -0.019034837342126767 0.11865801086130223 -0.013249534472556815 0.019103694662287042 0.9997296091064068 3.4168811323835113 0.0 0.0 0.0 1.0
0.9988365571580535 -0.010468787077953396 -0.04706313859194279 0.9976528558879851 0.009355311478694277 0.9996722796479108 -0.023816672868845912 0.09853989716586581 0.04729732955079389 0.02334869657184784 0.9986078361983531 3.7489505818583115 0.0 0.0 0.0 1.0
0.9988031687279263 -0.012537828668584366 -0.047265950655511785 1.0889252471446682 0.012031410005085941 0.9998670089607649 -0.010982734288879675 0.06723918364892606 0.0473976425089415 0.010400926392955633 0.9988218372231921 3.83768802303579 0.0 0.0 0.0 1.0
0.9996875667091331 -0.024111852010755472 -0.006508133249344419 1.064017194933335 0.024026411131885153 0.9996278370159775 -0.012896206052591442 0.05743164615739113 0.00681691132525397 0.012735822962824914 0.9998955254568842 4.128712256541903 0.0 0.0 0.0 1.0
0.9998800966853224 -0.008986455246244501 0.012570923084478795 1.0252480351631745 0.009326494797181334 0.9995845087919787 -0.027261002662319414 0.07354981750661654 -0.012320482015904344 0.027375002715058182 0.9995492058100779 4.273766398905904 0.0 0.0 0.0 1.0
0.9997264733941938 -0.019235701111923683 0.013265349247126225 1.037564639816622 0.019302854268643022 0.9998011072693793 -0.004956042767918533 0.040029215265152435 -0.013167136041996699 0.005210756545122351 0.9998995915717486 4.597415889405167 0.0 0.0 0.0 1.0
0.9984302853427823 -0.013033574523413345 0.054461786425941176 1.017434288048078 0.013631851129038154 0.9998502922764223 -0.0106289686983529 0.027819263970058794 -0.054314884359582635 0.011354712933335079 0.998459197727754 4.8139107766052 0.0 0.0 0.0 1.0
0.9965658987739545 -0.019629679951154475 0.08043683790936756 1.0521934405123383 0.020863057177567635 0.999676562065972 -0.014522235069191819 0.02409834942956851 -0.08012555784375422 0.016150538282563454 0.9966538387738185 4.9784100649561625 0.0 0.0 0.0 1.0
0.9934910550684992 -0.01735956002421252 0.11257532374215061 1.0657742079106702 0.01832258555672944 0.9998035063390078 -0.007525784690319652 0.01782367016370684 -0.11242238974430492 0.009539483290085315 0.9936145730560658 5.276013951235945 0.0 0.0 0.0 1.0
0.9902212967647623 -0.0027644296680751283 0.13947438396306502 1.1087432827176285 0.005475513360763216 0.999803067897652 -0.019058200595221852 0.018476762994627804 -0.13939408375527215 0.019635552657775758 0.9900421951155568 5.493144610202124 0.0 0.0 0.0 1.0
0.9892766550249498 -0.020128118978568015 0.144656932895818 1.1331323675825011 0.021273574757620782 0.9997530495993271 -0.006376084957984358 -0.0033559379981344395 -0.14449271413270814 0.009385092043500212 0.9894612517910414 5.680719160064113 0.0 0.0 0.0 1.0
0.9855622377067474 -0.012223615971731825 0.16886871616033225 1.1420339310024314 0.013381445202793945 0.9998937882031338 -0.005720261249742664 -0.020109311946314518 -0.16878072980527647 0.007897393359320513 0.9856218392609407 5.918152912555336 0.0 0.0 0.0 1.0
0.9814066029130062 -0.0258873952759288 0.1901839352586311 1.1751064390586334 0.030051329657305528 0.9993666621819599 -0.019042706068600642 -0.010041156442034599 -0.1895704032348566 0.02440393823656575 0.9815637162956076 6.120262534242191 0.0 0.0 0.0 1.0
0.9815577562566814 -0.024502866674648214 0.1895865225880269 1.2259079136278366 0.0230925920040111 0.9996865106152681 0.00964430520724167 -0.04706681894693332 -0.18976329606202172 -0.005088400421885993 0.9818165800623113 6.320895964279918 0.0 0.0 0.0 1.0
0.9834813930730201 -0.027169157310813895 0.17895573662417716 1.287808294514479 0.02605874595743542 0.9996235282398505 0.008552916578190132 -0.053965359266233914 -0.17912061873400098 -0.0037482716781255896 0.9838198335456266 6.5433776470534255 0.0 0.0 0.0 1.0
0.9816976458131801 -0.03931943763044639 0.18634028395399344 1.3157203783178768 0.038692144770490856 0.9992263239167931 0.007003252418608932 -0.036720787527887766 -0.1864713756702117 0.0003348304362791243 0.9824602463166283 6.7122556321442985 0.0 0.0 0.0 1.0
0.9762741176485225 -0.031493336948343144 0.21423352213782548 1.306034696770335 0.033450472789441306 0.9994248516567305 -0.005515715978983107 -0.04807305959928687 -0.21393649348766458 0.012551074679632148 0.9767668407146214 6.926570564397269 0.0 0.0 0.0 1.0
0.9748353654715862 -0.027346282083608554 0.22124006908131516 1.3794166278074393 0.029481343925708586 0.9995448420386693 -0.006353576892003151 -0.067958748865637 -0.22096552542021874 0.012716158288165401 0.9751986162898397 7.073776531210006 0.0 0.0 0.0 1.0
0.975598903018533 -0.02527829342801939 0.21809814664498328 1.4237297241636437 0.02463009251912647 0.999680158737752 0.0056904427471512215 -0.07880155049291003 -0.21817214786323952 -0.0001798088737617408 0.9759101438743576 7.283035685460559 0.0 0.0 0.0 1.0
0.9753772751436605 -0.025494656910971053 0.21906217189765356 1.488240582071822 0.02759323234085203 0.9995972304088871 -0.006525112992069944 -0.02115625337205207 -0.21880759455981177 0.012409063299614187 0.9756890248234531 7.467745285343733 0.0 0.0 0.0 1.0
0.9769577872129841 -0.013175906409215796 0.2130233167396165 1.5202676556664834 0.017307852654369398 0.9996955637559078 -0.017543271156226933 -0.0201467771555629 -0.21272733895251014 0.02082600586394892 0.9768895246409263 7.690479937306522 0.0 0.0 0.0 1.0
0.9766680530847948 -0.033667418114457455 0.21209682445287448 1.5855434048708605 0.036469324207602426 0.9992907178705792 -0.009311168035124143 -0.04794364012103708 -0.21163291144744625 0.016828935087786084 0.9772042233183637 7.90225649727735 0.0 0.0 0.0 1.0
0.9786329049674367 -0.03427936222212569 0.2027353458567771 1.6678784095661705 0.0360291284560399 0.9993378042332101 -0.004945413804556485 -0.04703432507911136 -0.20243158214931156 0.01214410440914718 0.9792210083407679 8.031163287231745 0.0 0.0 0.0 1.0
0.9826826835428308 -0.04577470463280748 0.17955086949126178 1.7576084211481675 0.04885240831077781 0.9987238601201652 -0.01275463640052897 -0.04142160919926566 -0.17873787871689517 0.021305240070412845 0.9836659368650701 8.239563888013087 0.0 0.0 0.0 1.0
0.9924642912282705 -0.03973970556962892 0.11590739931243724 1.8195283519090273 0.04236473899188463 0.9988958030791167 -0.020271734355553975 -0.029585964820803848 -0.11497372690631683 0.025029350185041765 0.9930531079027581 8.467658089183866 0.0 0.0 0.0 1.0
0.9950178784122851 -0.0450878472618024 0.08891343857855087 1.8653353939108648 0.04689745107618558 0.9987301307034941 -0.018368379861330972 -0.05098379213998716 -0.0879722145452986 0.022446669987917122 0.9958698832614882 8.71705268340873 0.0 0.0 0.0 1.0
0.9947614546375572 -0.052849344761864245 0.08749647898308338 1.883051276627129 0.05451439381276363 0.9983718144634276 -0.01674934168016649 -0.06175170624539096 -0.08646869745962062 0.021431403935796116 0.9960239569823477 8.914333903253064 0.0 0.0 0.0 1.0
0.9961643896228124 -0.03613301525846767 0.0796867317380713 1.9248369243186314 0.03729159452400949 0.9992178858939004 -0.013098626995791538 -0.07557208253960515 -0.07915097647692576 0.016020014684465844 0.9967338528845255 9.123517867136233 0.0 0.0 0.0 1.0
0.9964517486704821 -0.039003875686183895 0.0745770824600313 1.9420326306717657 0.04063424082372515 0.9989636698746774 -0.020469900670737853 -0.07613048830040775 -0.07370125430809044 0.023427642548724373 0.9970050448327796 9.354846185792596 0.0 0.0 0.0 1.0
0.9973082399162498 -0.02396153978963885 0.06929096558372022 1.9638106564638702 0.025851142802699404 0.9993136993808605 -0.026503348171020607 -0.09597382709804232 -0.068608203663166 0.028223256090923417 0.9972443263356193 9.572437026129064 0.0 0.0 0.0 1.0
0.9973188536165966 -0.026901327283374913 0.06804768107825594 1.9764509944665283 0.028233241496300205 0.9994259621917347 -0.018687494138913636 -0.11336143304408382 -0.06750575325156935 0.02055858806909084 0.9975069589344215 9.735206030920537 0.0 0.0 0.0 1.0
0.9976758348546777 -0.02631170455400286 0.06284648351918543 2.013673967561224 0.027425479773263567 0.9994798623481049 -0.016925403439021908 -0.1451643988842363 -0.062368302701741075 0.018609650038866252 0.9978796171879982 9.997695333948775 0.0 0.0 0.0 1.0
0.9971541446414465 -0.03857195610900103 0.0647679973865668 2.0196016791033085 0.03973928991567616 0.9990676172180407 -0.016832209725312946 -0.16151424349666846 -0.06405820458506825 0.019358128968785426 0.9977583153397056 10.200989849882264 0.0 0.0 0.0 1.0
0.9977136241757888 -0.029957931767044328 0.060573021919822084 2.0324797378107937 0.03146373061510925 0.9992145562392757 -0.02405976646200597 -0.15187997427081742 -0.05980450851564081 0.025910606473648082 0.9978736779829944 10.387843605403742 0.0 0.0 0.0 1.0
0.998711080986789 -0.019736838623183074 0.046751285575953906 2.0479625963101067 0.020776395152806694 0.9995445688930342 -0.021855002278219807 -0.17133541166446903 -0.046298471929481395 0.022798151577345337 0.9986673878538181 10.610352657460778 0.0 0.0 0.0 1.0
0.9988229819784916 -0.01993927808039592 0.04420619905317606 2.0413476970072195 0.020894621378871 0.9995550110115881 -0.021255009883370934 -0.17961995388498708 -0.04376254801785325 0.02215365782483187 0.9987962178637091 10.822215809651862 0.0 0.0 0.0 1.0
0.9992260276206005 -0.007927796742460936 0.038518093478712115 2.0446996381984044 0.008744103740854874 0.9997390350348178 -0.021070289186273225 -0.1921575087152529 -0.03834082114910904 0.021390781862443264 0.9990356859218034 11.062508291142437 0.0 0.0 0.0 1.0
0.9992145441520549 -0.02025071375694838 0.03404872812458923 2.0795836414634925 0.02091501322367961 0.9995948386190182 -0.019268125147034645 -0.20626994027702428 -0.03364455232746007 0.019965110967843466 0.999234359098574 11.260283886662496 0.0 0.0 0.0 1.0
0.9995017739246543 -0.017585093220720157 0.026193676957120122 2.074256292431904 0.018065205587737488 0.9996703137177232 -0.01820624799067426 -0.21763524823306113 -0.02586469272957232 0.01867036173916197 0.999490986391401 11.48416208161928 0.0 0.0 0.0 1.0
0.9993199673362511 -0.026308866582773975 0.025817917970362595 2.1023086749761983 0.026377856552645 0.9996486020153242 -0.0023346778539149356 -0.24090432392363567 -0.02574723506656904 0.0030140822907631206 0.9996638523038267 11.672736715796427 0.0 0.0 0.0 1.0
0.9995049992549784 -0.023136467692852453 0.02129703776920932 2.10678421842738 0.02360337163847422 0.9994799513450708 -0.021938870885076955 -0.21848599597844592 -0.020778178731233686 0.02243068660264964 0.9995323750128113 11.85626117496799 0.0 0.0 0.0 1.0
0.9996572505231676 -0.01953471472541873 0.01740477684722071 2.1010774741226013 0.019806732905553678 0.9996814946783504 -0.015595220210310203 -0.2422095547729091 -0.017094386772508244 0.015934593747100087 0.9997267916095451 12.041923016070953 0.0 0.0 0.0 1.0
0.9996537560496463 -0.024654122189839787 0.00914749291871276 2.102766377722061 0.02483746853866057 0.999480578677379 -0.02050097071430703 -0.2522665455557752 -0.008637094432500693 0.02072106356055569 0.9997479347882896 12.288408657884403 0.0 0.0 0.0 1.0
0.9998531148842117 -0.01386772167134436 0.01002415967342116 2.1097470744946003 0.013990375114472221 0.9998261689582791 -0.012269451374503797 -0.2633591313161401 -0.009852049487125213 0.01240787563850686 0.9998744315215473 12.507190646336056 0.0 0.0 0.0 1.0
0.9997794010301125 -0.020671852918633504 0.0036000927826402586 2.1078253364081183 0.02074721297564469 0.9995347026940281 -0.022327409291181467 -0.2610029207804945 -0.0031366562633542063 0.022397169144335736 0.999744154076554 12.638327317853893 0.0 0.0 0.0 1.0
0.9999141075800709 -0.012846775045677498 -0.00241925713378584 2.113000247682441 0.012795666871799196 0.9997158290487448 -0.02007902334653118 -0.2863481389393075 0.0026767308276940504 0.020046336307587936 0.9997953742168594 12.856437650068841 0.0 0.0 0.0 1.0
0.9988602260865103 -0.022912126833914106 0.041861128683079014 2.112690552798626 0.023716164609133932 0.9995409961200936 -0.018812283167025247 -0.28960263870270175 -0.04141070870530707 0.019783617191898962 0.9989462588526656 13.096862047561968 0.0 0.0 0.0 1.0
0.991973218556157 -0.028127595683984152 0.12327648798977242 2.061286236714611 0.03205276602078931 0.9990359641568644 -0.029973166913381737 -0.29443939908756656 -0.12231448217415118 0.03368393609598951 0.9919195792557193 13.321247616457462 0.0 0.0 0.0 1.0
0.9778641904573803 -0.03615934426613605 0.20609021509350273 2.0663599602876155 0.03750500929110024 0.9992922764645842 -0.0026252269311674388 -0.3421923201444593 -0.20584942892527733 0.010296507110836649 0.9785294257481488 13.616794741193914 0.0 0.0 0.0 1.0
0.9630740989708192 -0.025399971590170475 0.2680338923478109 2.1559714447829395 0.026850850777831347 0.9996372242525637 -0.0017482258858967565 -0.33755601828461573 -0.2678923143386449 0.008880588983062375 0.9634078384265871 13.864035845962022 0.0 0.0 0.0 1.0
0.9640767300489141 -0.02767732790778989 0.2641762401888924 2.2329737854492206 0.023053797174202383 0.999521539373005 0.02058654081612998 -0.3443441975878556 -0.26461967866437364 -0.013756788223235124 0.9642546189427885 13.999137035958526 0.0 0.0 0.0 1.0
0.9643953060506981 -0.031321313924399956 0.26260195732239777 2.200963612454604 0.03280775780674499 0.9994601391324456 -0.0012765373568919677 -0.348224953714852 -0.26242028145330937 0.009846445137164378 0.964903329735278 14.106679674758507 0.0 0.0 0.0 1.0
0.9646746582837734 -0.020293611359103264 0.2626596423783217 2.195410622462683 0.023695682430477497 0.9996705999774363 -0.00979091801195338 -0.3437440427533939 -0.2623744943311902 0.01566893691916697 0.9648388247446785 14.163983983213047 0.0 0.0 0.0 1.0
0.9644631935818337 -0.020173748137190948 0.2634441294725319 2.2095309762873 0.02366869809661348 0.9996681178804618 -0.010098974943546696 -0.344050186003218 -0.2631530382343045 0.015975456601678515 0.9646217150875065 14.163438140430916 0.0 0.0 0.0 1.0
0.964529976661966 -0.023281389910107416 0.2629430304669683 2.218483581816181 0.026650905485732544 0.9996012872003996 -0.009254745725517169 -0.3421877822548942 -0.26262278920879684 0.015934136709057543 0.9647669133662591 14.18122935975952 0.0 0.0 0.0 1.0
0.9645930238440685 -0.02191042619004167 0.2628294660115731 2.2352405415418706 0.025573445080721978 0.9996168552763708 -0.010523613410320112 -0.3444297118655147 -0.2624982728015821 0.016872446666260525 0.9647848588341231 14.196921155501677 0.0 0.0 0.0 1.0
0.9646112631059777 -0.021563985651728172 0.2627912155719824 2.237981920538315 0.025267326422606415 0.9996225653658464 -0.01072061078921766 -0.3426229131402645 -0.26246091470353083 0.016981241589704592 0.9647931136075232 14.20740565066706 0.0 0.0 0.0 1.0
0.9648293475062291 -0.022365685519968707 0.2619221731312006 2.2319331073686928 0.026100628612272737 0.9996004044800532 -0.010789025315338017 -0.34755904039972985 -0.26157628476941674 0.017245889717052914 0.9650286562716789 14.18616549123733 0.0 0.0 0.0 1.0
0.9647495017382443 -0.022147039927176582 0.2622345552299624 2.2308032739166714 0.025884331284930204 0.9996058406930781 -0.010805465656181387 -0.34714709730772664 -0.2618919565207684 0.017212321755589358 0.9649436302186082 14.18932054548902 0.0 0.0 0.0 1.0
0.9647269372077834 -0.021770099049874918 0.26234917818026343 2.2304688156862293 0.02558517630916202 0.9996099083682907 -0.011134327195914026 -0.3451062642975128 -0.2620045146357812 0.01745382308240324 0.9649087279126236 14.177670908116013 0.0 0.0 0.0 1.0
0.9647884119676956 -0.021863195016791556 0.2621152515437299 2.229461386816078 0.025674006499444128 0.9996077866577794 -0.011122379077845844 -0.3471004675702812 -0.26176934775420807 0.017460279827317727 0.9649724269644777 14.19460865402446 0.0 0.0 0.0 1.0
0.9648208705186196 -0.022030682436658695 0.2619818686262756 2.2304788908279654 0.02583455354223538 0.9996040911531748 -0.011083728641265795 -0.3459095759188555 -0.2616340125161678 0.01746198503079659 0.965009119500028 14.186465564806717 0.0 0.0 0.0 1.0
0.9663052993613903 -0.018032538480130363 0.25676455338966464 2.250036496825844 0.02457509120941807 0.9994486427504942 -0.022294444891707493 -0.3450491889102142 -0.2562210327615291 0.02785325259499833 0.9662167688384263 14.260541400991718 0.0 0.0 0.0 1.0
0.9657328400838497 -0.013559358905941763 0.25918200993285556 2.244509451164903 0.019697691979276514 0.9995825768685406 -0.02110096243302798 -0.3522547940235716 -0.25878777189754626 0.025483179427353335 0.9655978974159801 14.307482043458805 0.0 0.0 0.0 1.0
0.9652943112523242 -0.02662458927286909 0.25980207696154284 2.276200313380698 0.030211503834593662 0.9994945853092466 -0.009822252188007197 -0.3576208119083857 -0.25940933675807265 0.0173303629677508 0.9656118910967245 14.37368479521757 0.0 0.0 0.0 1.0
0.9656325144160773 -0.021459295059713026 0.25902217372849967 2.341487806159692 0.026501418200439712 0.9995201620880729 -0.015989406402095906 -0.34689154544863277 -0.25855484100503845 0.022304338542638368 0.9657389577111156 14.535939340293549 0.0 0.0 0.0 1.0
0.965068708345525 -0.03794223459555877 0.2592331742064332 2.366390932894283 0.039930636219633685 0.9991988719266458 -0.0024069194924402995 -0.36884554674990194 -0.2589342379195333 0.012674168996564364 0.9658117218343996 14.681145332590791 0.0 0.0 0.0 1.0
0.9659788906364591 -0.03556679587494035 0.25616183539566983 2.429207576261626 0.03671847987491573 0.9993249062043409 0.00028703832150469346 -0.37988138000769767 -0.2559991853849273 0.00912857657261269 0.9666338075417988 14.931879138767332 0.0 0.0 0.0 1.0
0.9666936691461275 -0.04664995474087061 0.25164695020718797 2.4985586283256467 0.050265402661830175 0.9987034911897377 -0.007954617301594323 -0.3725506345611489 -0.25094965321729734 0.020338800316469223 0.9677863408660563 15.085683857222644 0.0 0.0 0.0 1.0
0.9674852332004217 -0.04240396695128789 0.24934584285169384 2.502672535449062 0.043378876178229255 0.9990567333803189 0.0015864214174851144 -0.39706429879905436 -0.24917796706271528 0.009281479172334043 0.9684131282814236 15.271908256382272 0.0 0.0 0.0 1.0
0.9701039752881517 -0.03737709839095251 0.2397923470022464 2.6641775099019136 0.03766462354802818 0.999283971810024 0.003385251957075996 -0.3873011966625768 -0.2397472361337993 0.005747614069085237 0.970818281564175 15.534116050853417 0.0 0.0 0.0 1.0
0.9703216714269666 -0.03912253494506818 0.2386301561101918 2.6540783617485335 0.03899953952530721 0.9992248208766443 0.00523875937244245 -0.3960062289256148 -0.23865016373296624 0.00422315809600922 0.9710963513275347 15.741442718644095 0.0 0.0 0.0 1.0
0.972596976178218 -0.02663787531664863 0.2309645127184683 2.7177311897814054 0.027910451534885028 0.9996071864092375 -0.002243589690991463 -0.38774119608575025 -0.23081407612227364 0.00862840946487757 0.9729595233586753 15.875475655577732 0.0 0.0 0.0 1.0
0.971699713835811 -0.03690731861524198 0.23331661580865812 2.7210339337464413 0.042985413912130635 0.9988539044732587 -0.021018118700069154 -0.3989096526194698 -0.23227351940497828 0.03045251007731746 0.9721735984192467 16.088595862543613 0.0 0.0 0.0 1.0
0.9733267430639081 -0.03702240767344092 0.22641431416499702 2.7783910120798883 0.04127229430045257 0.9990482590814135 -0.014063774161815517 -0.3879932531610694 -0.22567815820559572 0.023033277543204035 0.9739295053029583 16.211312618819544 0.0 0.0 0.0 1.0
0.9735061823752428 -0.02217992526578496 0.22758042490007388 2.7817419203482756 0.025670207406565296 0.9995929992753686 -0.012387653196830791 -0.4152461071433048 -0.22721307207035063 0.017901482714977473 0.9736804162972225 16.451940892242565 0.0 0.0 0.0 1.0
0.9743754060397212 -0.028363695826459395 0.22313044331284623 2.8574132972646935 0.031161571868138234 0.9994728987794126 -0.009027473903059264 -0.42123797314389677 -0.2227568082435391 0.015749228996601985 0.9747467494966723 16.60944828677142 0.0 0.0 0.0 1.0
0.975110909659555 -0.031051846419955648 0.21953039710757857 2.881538722753574 0.033410637322980725 0.9994162167712054 -0.007039291628459268 -0.4383580000050326 -0.2191836850260241 0.014198723962807774 0.9755801997306774 16.71541218259644 0.0 0.0 0.0 1.0
0.9770635390616443 -0.03761450972630774 0.2095974052147389 3.016126697956546 0.041162654962131104 0.9990724403355716 -0.012590289050035824 -0.44047166495081364 -0.20892942255017294 0.0209290865268 0.9777066845600493 16.920455078985263 0.0 0.0 0.0 1.0
0.9765908385037242 -0.011344951921197574 0.2148057404040683 3.113276421156788 0.013082350832753172 0.9998916365486646 -0.00666787532641525 -0.4267139968071608 -0.21470672794470225 0.009321985723265074 0.9766341024349192 17.16894320609724 0.0 0.0 0.0 1.0
0.9767876749008968 -0.013863520893672624 0.21376035726090964 3.104663054653189 0.01783009004263689 0.9997020261027683 -0.01663891355799599 -0.45014295531419446 -0.21346589574558075 0.02006409375792407 0.976744465583067 17.331230918412583 0.0 0.0 0.0 1.0
0.976692256270988 -0.025645198433812574 0.21310664478499444 3.146649520815183 0.028933281254595655 0.999504810225081 -0.01232400585639244 -0.4704440412691885 -0.21268497753748797 0.018202673945107512 0.9769512656512007 17.50705201554242 0.0 0.0 0.0 1.0
0.9796193178966703 -0.025476481397981147 0.19924063973693962 3.2333380365852475 0.026676151530767175 0.9996380311529465 -0.003338325281270327 -0.48240155121880024 -0.19908335737391294 0.008585294777884176 0.9799449444693014 17.707183419305174 0.0 0.0 0.0 1.0
0.9798411703636961 -0.03210859152956923 0.19718065696176684 3.235563920497227 0.033633328237468355 0.9994241019531523 -0.0043875330460758115 -0.4819131302343006 -0.19692612958668274 0.010930961043133753 0.980357384799451 17.97089330940426 0.0 0.0 0.0 1.0
0.9819203449947997 -0.029782902807806284 0.18693667643127404 3.3377373728262016 0.030694221168088707 0.9995263230979059 -0.0019814186091924113 -0.4891997045946971 -0.18678901232344175 0.007683501829772683 0.9823700076339544 18.123020035682067 0.0 0.0 0.0 1.0
0.9816919596410041 -0.044131863072937594 0.18529209152617448 3.3487101662741354 0.04633969248113627 0.9988963171282181 -0.0075991655159195004 -0.507944272193791 -0.18475210678268875 0.016046452264650315 0.9826541343397169 18.27161990494571 0.0 0.0 0.0 1.0
0.9837302185201571 -0.02755260654506193 0.17752621067200336 3.396819490905101 0.03144733958152585 0.9993212036165209 -0.019161749009202828 -0.49295664437069076 -0.17687763818495236 0.024432760255068915 0.9839295164615891 18.4610989738717 0.0 0.0 0.0 1.0
0.9840591969340365 -0.02915153099144806 0.17543518134893038 3.4403959003881694 0.03164881067664587 0.9994329152179752 -0.011452793816616368 -0.5096030166530432 -0.17500171162404365 0.016822579965955903 0.9844243989349177 18.638665694834557 0.0 0.0 0.0 1.0
0.9836007900737587 -0.03258385560746823 0.17739119039848253 3.448692386880277 0.029832438009725612 0.9993894634089285 0.01815668352021865 -0.5350261680529187 -0.17787440829681406 -0.012566897670708425 0.9839729260782542 18.746206153138413 0.0 0.0 0.0 1.0
0.9849985148847318 -0.025258822630434823 0.17070382088854794 3.426648321204185 0.028289545699461446 0.9994814362932707 -0.01534441955468408 -0.5177430833621584 -0.1702276078238571 0.019943403237540944 0.9852029511306295 18.921505429053845 0.0 0.0 0.0 1.0
0.985066183286681 -0.021896335522116585 0.17077773516526634 3.4476989071869384 0.02269869522206308 0.9997380695102409 -0.0027464630205702016 -0.5404847942261464 -0.17067275142998023 0.006581913607127836 0.9853057924355851 18.955750413308387 0.0 0.0 0.0 1.0
0.9851685541193966 -0.017544444969819547 0.17068974766187806 3.421646242215038 0.01928665735789087 0.9997768477205029 -0.008553486603189069 -0.5314564490152742 -0.17050148584882732 0.011718696552595352 0.9852877583333649 18.97442516218921 0.0 0.0 0.0 1.0
0.9851360020297718 -0.015730202814289995 0.17105403995083962 3.435015785480955 0.01770129731192988 0.9997927380814088 -0.010003605257179202 -0.537764789832397 -0.17086111787783392 0.012882827954965795 0.98521088441502 19.012640600211576 0.0 0.0 0.0 1.0
0.9851130340961071 -0.016036912462225897 0.171157830394835 3.4270797012864938 0.018319505760708288 0.9997624309550945 -0.011764569998735019 -0.5230401342721067 -0.17092839890022615 0.014724997213259889 0.9851733909408333 18.98273388936236 0.0 0.0 0.0 1.0
0.9851408734163929 -0.01649204549733556 0.17095404430237665 3.4459779068420033 0.018730351407659152 0.9997580675835822 -0.011487875360933838 -0.5367518217656602 -0.17072310689836034 0.0145192441751315 0.9852120912237701 18.98872548457861 0.0 0.0 0.0 1.0
0.9851450321548738 -0.01644337845638212 0.1709350412011072 3.442247955102639 0.018705449628143106 0.999756826241911 -0.01163082471385875 -0.5358795912657335 -0.17070211276375172 0.014655504191293758 0.9852136777353848 18.993637431936058 0.0 0.0 0.0 1.0
0.9852144903091575 -0.016584551355267096 0.17052049167572603 3.4432758833087647 0.018766458905965136 0.9997607115889335 -0.011191143654349459 -0.5367247361324877 -0.17029398432147222 0.014225780673024381 0.9852906171598989 18.98738453923517 0.0 0.0 0.0 1.0
0.9852036320240536 -0.01637114632261892 0.17060374501697254 3.443609407157546 0.018679064077827892 0.9997538292092571 -0.011931065903176412 -0.5314429121010614 -0.1703663055662922 0.014941287902511778 0.9852674920431658 18.979417685288762 0.0 0.0 0.0 1.0
0.9851552876952503 -0.01639008986842952 0.17088097567134958 3.438794981794902 0.018652875507762658 0.999757705271345 -0.011644245281814592 -0.5339275390667428 -0.1706486101534819 0.014658850137610972 0.9852229279948925 18.975435895282224 0.0 0.0 0.0 1.0
0.9852201686579851 -0.016497130337786856 0.1704959682974254 3.4420865685066966 0.01878165151542338 0.9997535353955667 -0.0117945128190911 -0.5342112252319322 -0.17025925478686635 0.014822427200504595 0.9852878393121054 18.985266271072433 0.0 0.0 0.0 1.0
0.9865994245938685 -0.011080057212106349 0.1627839732056372 3.4650159876387403 0.01622476670469736 0.9994083460764943 -0.03030864465479356 -0.5041282056344812 -0.16235173223462568 0.03254367632821064 0.9861961189497791 18.98096006464708 0.0 0.0 0.0 1.0
0.9860066713812051 -0.018831865875804633 0.165638333097643 3.4787324535912254 0.022110634995147628 0.9995934345704073 -0.017972535029090877 -0.5104128790385529 -0.1652324148254587 0.021383450594826624 0.9860227941482702 19.093456647170612 0.0 0.0 0.0 1.0
0.9822268303319018 -0.007008563393331764 0.18756640977987799 3.4808747710324517 0.011615895720661953 0.9996563898060121 -0.023475454456715266 -0.5296559540263293 -0.18733732400539743 0.02523702166913651 0.9819713844704813 19.171297805388264 0.0 0.0 0.0 1.0
0.9665437137355997 -0.016011037162227577 0.25600154689486804 3.469246145144269 0.017863197953431404 0.9998278466102732 -0.004910894149242224 -0.5580964225501444 -0.25587878821630317 0.009319635710309915 0.966663939720043 19.249015239232552 0.0 0.0 0.0 1.0
0.9587859090344247 -0.014818749510182569 0.2837425315477764 3.496132205804516 0.016814845942284957 0.9998474766278737 -0.004600176181370137 -0.5552982200827165 -0.2836310507361692 0.009181707259742272 0.9588895518395619 19.354060358304437 0.0 0.0 0.0 1.0
0.9601388536962869 -0.004712402735221757 0.2794836255046247 3.5169892842024217 0.002468667511806198 0.9999612813739496 0.008379897382489569 -0.588846981758938 -0.27951225240075506 -0.007355885367468266 0.9601139533357832 19.57073886761259 0.0 0.0 0.0 1.0
0.9611974164261 -0.018272172438486434 0.2752552652980043 3.595820543163665 0.017616034305602983 0.9998325138489703 0.004856240300736148 -0.5820680889990252 -0.2752978638376389 0.0001811290269193742 0.9613589798215102 19.662129750558115 0.0 0.0 0.0 1.0
0.9619568967418313 -0.017199582478765203 0.2726590718336821 3.6513563940278297 0.01795248052319087 0.9998382476877036 -0.0002663639777849098 -0.5665367602015547 -0.27261036498972707 0.00515117047863407 0.9621107444090293 19.820957697012286 0.0 0.0 0.0 1.0
0.9702229730884668 -0.015883187868631295 0.24169188772508227 3.7540656628333724 0.01715820990606765 0.9998472008381201 -0.0031711617874321495 -0.5792868977099248 -0.2416045377506138 0.007223768657138936 0.9703479167454526 20.01423371634779 0.0 0.0 0.0 1.0
0.9856677259749101 -0.038604936194635425 0.16422119177372818 3.868859446496015 0.03918830803466374 0.9992312745856944 -0.0003124477378201607 -0.5907769919019848 -0.16408277411412533 0.006743549535510303 0.986423500039979 20.30312742257235 0.0 0.0 0.0 1.0
0.994225244306975 -0.024079394150777218 0.10457639390561194 3.95840912817965 0.02521302130599522 0.9996361193897505 -0.009530878411687808 -0.5593116327434726 -0.10430869286181535 0.012112562256725122 0.9944711832171244 20.54564448425053 0.0 0.0 0.0 1.0
0.9941599864303295 -0.027178689305478735 0.10443715605247121 3.980867911098163 0.028037124439549886 0.9995835118105929 -0.0067594266493757596 -0.5681587640832311 -0.10420979570442028 0.009648102868405235 0.9945085308692375 20.77561995504533 0.0 0.0 0.0 1.0
0.9945574439107445 -0.016091555654971623 0.10293859091432016 3.986085880426418 0.01732451910855841 0.9997878625161847 -0.011094057767346406 -0.5747879354934116 -0.10273808026239473 0.012817077789437404 0.9946258688925433 20.974021682202068 0.0 0.0 0.0 1.0
0.9945397554318751 -0.03552529287455306 0.09812503599773834 4.011129801704247 0.03642691784178613 0.9993083344460727 -0.007411096545571598 -0.5758908946074289 -0.0977937215579083 0.010945055297763611 0.9951465353484005 21.12175710900854 0.0 0.0 0.0 1.0
0.9958367803885456 -0.01835769474550346 0.08928580073309217 4.025346509123183 0.0186453044739944 0.9998227616966298 -0.0023873294690768547 -0.5845781905980707 -0.08922599107445928 0.004042183215242078 0.9960031958273625 21.372480706486254 0.0 0.0 0.0 1.0
0.9958821997177166 -0.02884683757609105 0.08594374586702781 4.080627193106722 0.028887652432938157 0.9995818179190653 0.0007697967233116331 -0.5923516358657963 -0.08592984953902973 0.001716115152510486 0.9962997104233159 21.529204557996863 0.0 0.0 0.0 1.0
0.9960531913928128 -0.03002676184054183 0.08352426211585025 4.0620679717953365 0.031206951304530082 0.9994297091843978 -0.012859300344680117 -0.5873480769568163 -0.08309033399980684 0.01541512104778637 0.9964228066875545 21.699582694782443 0.0 0.0 0.0 1.0
0.9967788446972261 -0.03131337541854697 0.07383295266457654 4.09138430867475 0.03169333394562828 0.9994891868682869 -0.003978986472565179 -0.5976240067855108 -0.07367047294570958 0.006306212097274214 0.9972626921858496 21.880442639344807 0.0 0.0 0.0 1.0
0.9970063732525736 -0.03663907253115283 0.0680863778079326 4.115357639491351 0.03679188855660457 0.9993219313738348 -0.000990431470180224 -0.6044454784478674 -0.06800374474705959 0.003492520094939567 0.997678974991122 22.05039643259143 0.0 0.0 0.0 1.0
0.997846317503788 -0.02069336397228682 0.062244856294021614 4.134707732443516 0.021458542107112046 0.9997013487056583 -0.011648485627967883 -0.5995802459419523 -0.0619850445982367 0.012959118994102757 0.9979929375401596 22.2517464438561 0.0 0.0 0.0 1.0
0.9973666878974248 -0.03681953023375734 0.06248065543767798 4.133222173792574 0.03722103615352245 0.9992925842834599 -0.005272902641341679 -0.6196576561196305 -0.062242130413794595 0.007584641656388179 0.99803226878978 22.398830882653563 0.0 0.0 0.0 1.0
0.9973881020692611 -0.03507139957425316 0.0631410804094999 4.123723119205183 0.03581761260960652 0.9993002518288902 -0.010723897472016769 -0.6191919931240253 -0.06272061672599329 0.012957483997279527 0.9979470267826611 22.49010456700168 0.0 0.0 0.0 1.0
0.9976725703742699 -0.03256476027118025 0.059906859474603176 4.128538278680915 0.033576996671038424 0.9993080492790261 -0.01596709682050218 -0.6154601866190742 -0.05934526023772594 0.017941464004411774 0.9980762938796809 22.552271798873498 0.0 0.0 0.0 1.0
0.9979022671828834 -0.029092188335478615 0.05783223777762506 4.13359873083899 0.030139367308969146 0.9993951608679328 -0.017316768923608058 -0.6136777066256689 -0.057293292252971126 0.019023508818424777 0.9981761453598024 22.574885825588854 0.0 0.0 0.0 1.0
0.9979192845846804 -0.029167702784933944 0.05750002939399595 4.133157679901562 0.029873614937825126 0.9994875498540494 -0.011454211050957824 -0.6176479539601434 -0.05713628985695051 0.013148147540357487 0.9982797752669368 22.59089482640676 0.0 0.0 0.0 1.0
0.9978867493124501 -0.030573817871319915 0.05733371680927752 4.131349788707852 0.031332944050991796 0.9994316818768154 -0.012387160333935467 -0.6188831693944703 -0.05692222962309478 0.014157452026224687 0.9982782432310379 22.582311905845586 0.0 0.0 0.0 1.0
0.9979286474510174 -0.030836662897010182 0.05645722265071721 4.134149491110563 0.03161122076356935 0.9994167588075846 -0.012876658937484402 -0.6188737600006433 -0.05602704027844453 0.01463470390595565 0.9983219894786701 22.603545064103557 0.0 0.0 0.0 1.0
0.997916527905245 -0.030950848821965162 0.056608023907110276 4.137703255042525 0.03170882268780048 0.9994179331988801 -0.012539594627783585 -0.6219706222212243 -0.05618678285791791 0.014308478301917012 0.9983177169388184 22.60037351522083 0.0 0.0 0.0 1.0
0.9979008801724181 -0.031506436162389406 0.05657786880118985 4.13765405026614 0.03228292454606504 0.9993954729489379 -0.01286164970602351 -0.6190123361704172 -0.056138260639427486 0.01466118611119007 0.9983153422906736 22.59931111374864 0.0 0.0 0.0 1.0
0.9979333178780139 -0.03097659651051887 0.05629747537459214 4.13979624324588 0.031752563266725965 0.9994114851547423 -0.012940059462628307 -0.6184859775666363 -0.05586332158724259 0.014700941936591138 0.9983301745587777 22.595783429388046 0.0 0.0 0.0 1.0
0.9979085955339408 -0.030943048771117736 0.05675209123749448 4.136079255159591 0.0317546250771381 0.9994046157938183 -0.013453335829449974 -0.6152106718308082 -0.056301831195783886 0.0152273767607359 0.9982976838405789 22.58867751309931 0.0 0.0 0.0 1.0
0.9978924104536541 -0.030734540935806937 0.057148941005655415 4.130963149800175 0.03154257046497979 0.9994134968681202 -0.013289681388119529 -0.616578432637368 -0.05670679032562138 0.015064331999114448 0.9982772287740913 22.581723602465043 0.0 0.0 0.0 1.0
0.9978945045169483 -0.030992858968146356 0.05697277811733021 4.133894293181265 0.03180115959494789 0.9994047495012942 -0.013334594604520925 -0.6139478917066487 -0.05652540431789427 0.01511835475314377 0.9982867096590534 22.5781392962848 0.0 0.0 0.0 1.0
0.997914088566731 -0.031133314908186504 0.05655157157463158 4.134465994942251 0.0319418231176319 0.9993987054300713 -0.01344817321673793 -0.6139689462280447 -0.05609870034841973 0.015226517209348074 0.9983091211544853 22.58081718847852 0.0 0.0 0.0 1.0
0.9979107797518815 -0.0311734205858224 0.05658789192116419 4.135775370231201 0.03197751391812522 0.9993987629453732 -0.013358727702163915 -0.6119575846247522 -0.05613725135311248 0.015140393955705855 0.9983082504954964 22.58246413321516 0.0 0.0 0.0 1.0
0.9979347681785752 -0.03095418930694429 0.05628399203368034 4.138735833589863 0.03172828409080455 0.9994125980386915 -0.012910726659892648 -0.6152639801324196 -0.05585110795178302 0.0146698930350251 0.9983313321953277 22.575992068628864 0.0 0.0 0.0 1.0
0.9979248294932221 -0.03073226493415249 0.05658062715121177 4.134996856128697 0.031509563242618284 0.9994196960687662 -0.01289596053400112 -0.6178895367936765 -0.05615128939427325 0.014652066001270255 0.9983147412027777 22.582646277549234 0.0 0.0 0.0 1.0
0.9978718202798634 -0.03086042120414509 0.057439553170589255 4.129595852594189 0.031676155171787554 0.9994085954869005 -0.013344316211016501 -0.6167384455488366 -0.056993588523033524 0.015135418227763202 0.9982597857248977 22.58212519392359 0.0 0.0 0.0 1.0
0.9978857459776068 -0.030747770895472006 0.0572581385436716 4.126771477685194 0.03155412333399417 0.9994139342896737 -0.013230871608233016 -0.6202658887929402 -0.05681758063404928 0.015009664204648986 0.9982717470471205 22.586954897650212 0.0 0.0 0.0 1.0
0.9979228575576697 -0.03074928876706699 0.056607076256593454 4.1355654247366 0.03155580077755519 0.9994115110562399 -0.01340779154610104 -0.6176040023411105 -0.056161304117847914 0.015166259042298354 0.9983064894172097 22.588387558500884 0.0 0.0 0.0 1.0
0.9978984102414197 -0.030839112366567032 0.056987444266379944 4.135612444180437 0.03163443361144516 0.9994130498707108 -0.01310563533915004 -0.6194620606111128 -0.056549647340751893 0.014880894148270754 0.9982888787218454 22.589775403457423 0.0 0.0 0.0 1.0
0.997834132392403 -0.030980062337354244 0.058026627275275904 4.140558946851139 0.0319141094539956 0.9993738812410492 -0.015238505843167091 -0.6106941451047129 -0.05751802488455735 0.017057406234200753 0.9981987482441956 22.570241759482983 0.0 0.0 0.0 1.0
0.9979473130514354 -0.03304601074461945 0.054854608624154144 4.14131353353013 0.03362547724315313 0.9993871400996718 -0.009673030558343447 -0.6300631442355186 -0.05450115345342783 0.011497719865743616 0.9984475152814772 22.676476821422547 0.0 0.0 0.0 1.0
0.998346133711611 -0.028449582455484564 0.04995469700761022 4.139822995229404 0.02902430704747102 0.9995196392067219 -0.010815886783565636 -0.633501131260722 -0.0496228090282279 0.012247934290306886 0.99869290187699 22.760837169782345 0.0 0.0 0.0 1.0
0.9982845669467455 -0.04369215135699757 0.03897179427244519 4.156050096867784 0.04428984003918728 0.9989113969399733 -0.014605152406821725 -0.6412960246484679 -0.038291046658973586 0.016306186333895724 0.9991335563354523 22.84891412842147 0.0 0.0 0.0 1.0
0.9993819864644599 -0.031875145086247086 0.014813786615079417 4.143818995686335 0.032108039303295685 0.9993597274714741 -0.01575418905000772 -0.6471150205858626 -0.014301920199878698 0.01622013178882946 0.9997661319572528 23.013982305666264 0.0 0.0 0.0 1.0
0.9992066511788783 -0.03600995102002933 0.017005296287955197 4.168987199966621 0.03618788874256102 0.9992916910590957 -0.01027041874026458 -0.6436292522295748 -0.016623201688192788 0.01087768859154972 0.9998026725796625 23.14292631178198 0.0 0.0 0.0 1.0
0.9993256339270872 -0.031947666006309106 0.01809589840578464 4.161039523091353 0.03220624151678404 0.9993801313983095 -0.01417874238289934 -0.6559993301691208 -0.017631500740598785 0.014752017208761563 0.9997357180918615 23.29080489263917 0.0 0.0 0.0 1.0
0.9992357006591126 -0.03811099224719867 0.008686707149191465 4.17837112720308 0.03818866827580353 0.9992299159554868 -0.008950668752166822 -0.6689832067176182 -0.008338686489939878 0.009275592426908029 0.9999222285662208 23.478153959928047 0.0 0.0 0.0 1.0
0.9992364925366939 -0.03884489060822197 0.004171670186555812 4.180594489881586 0.03889989864643166 0.9991442967200066 -0.014014331771326445 -0.6658661835838191 -0.0036235036534820425 0.014165943056169005 0.9998930620256548 23.622658578129307 0.0 0.0 0.0 1.0
0.9996172953889317 -0.027660078290708438 -7.988549279124997e-05 4.177848801257481 0.027648551994000164 0.9992734244469902 -0.026211934092189516 -0.6681241732594942 0.0008050694931647849 0.026199737056937882 0.9996564076522443 23.818110420571955 0.0 0.0 0.0 1.0
0.9986432762435892 -0.051788339359391485 -0.005423018032205132 4.207806681199234 0.05169180780085114 0.9985237721068582 -0.016649720047862318 -0.6810548487350436 0.006277491271752337 0.01634683832747997 0.9998466635346134 23.964709945606607 0.0 0.0 0.0 1.0
0.9994652046764391 -0.030571337834796552 -0.011601861891819647 4.174751630435726 0.03040644668258412 0.9994370866336576 -0.014138116597746136 -0.6959126201691657 0.012027774212143598 0.013777819280604333 0.9998327302893151 24.17698519983388 0.0 0.0 0.0 1.0
0.9993147530461326 -0.03402940898867197 -0.01455471150898196 4.21846859026917 0.03378101507066541 0.9992842960716946 -0.01698902674416454 -0.6848006743365612 0.015122659201292665 0.01648574795088819 0.9997497427046129 24.258386914493798 0.0 0.0 0.0 1.0
0.9993925969247671 -0.030930815466946555 -0.016051012080844432 4.218804962806432 0.030338357032288762 0.9988931412489657 -0.035931289652759754 -0.6785867896999075 0.017144858112933616 0.035422549479574836 0.9992253268241716 24.417688045124244 0.0 0.0 0.0 1.0
0.9995152925848018 -0.02040941236962104 -0.02350460051356088 4.220845710523059 0.01996987522199391 0.9996235177150992 -0.018788397117598082 -0.7084352198249894 0.023879448610795065 0.01830994695689956 0.9995471492244855 24.569513956199696 0.0 0.0 0.0 1.0
0.9996532286730402 -0.01738976121041202 -0.019771462018023295 4.197092981291983 0.016905139297821246 0.9995582032355949 -0.02442349074655319 -0.7126174516574058 0.020187662465342406 0.024080825363401608 0.9995061523462174 24.781734803074574 0.0 0.0 0.0 1.0
0.9993992425571683 -0.021786066546993145 -0.02695248576460726 4.196715483218858 0.02133510303273721 0.9996288502609982 -0.016910456227997136 -0.7231347608453738 0.02731112480593698 0.016325301955671546 0.9994936621927394 24.959703406345 0.0 0.0 0.0 1.0
0.9986876254532678 -0.039135267134485195 -0.03303418539573484 4.212499181339477 0.0387634171136437 0.9991778884271985 -0.011825060142693428 -0.7285031215010983 0.033470041647196656 0.010529054230061403 0.9993842745972633 25.087163832063716 0.0 0.0 0.0 1.0
0.9991477930558698 -0.016302461068431345 -0.03791834436800198 4.193292698950512 0.01546653192412703 0.9996325471554102 -0.022237361407605027 -0.7357779042570671 0.03826717376887645 0.021631987532681276 0.9990333850116984 25.280042703625345 0.0 0.0 0.0 1.0
0.9987623162396891 -0.02848043448699468 -0.040774684560593674 4.202046419435129 0.027722472010670962 0.9994338344829602 -0.019037133317564917 -0.7401191190450567 0.04129402399114855 0.017883234879774522 0.9989869566161471 25.388918473449166 0.0 0.0 0.0 1.0
0.9984156474823821 -0.02952150593638878 -0.04790070696728944 4.192855662435691 0.028301328952286132 0.9992618305921932 -0.025955932351427513 -0.7441275493314173 0.04863185233143908 0.0245591973850719 0.9985147923416124 25.54397836838458 0.0 0.0 0.0 1.0
0.9981281912036425 -0.022158568368942914 -0.05699932302787609 4.160543256306295 0.021022740742622278 0.9995692721178382 -0.02045138490713059 -0.7593416680154474 0.05742819041664078 0.01921486187435451 0.9981647335530779 25.716293112462427 0.0 0.0 0.0 1.0
0.9983588053151743 -0.01415270323855383 -0.05549119821560962 4.142187990770732 0.01320433678909419 0.9997605160782458 -0.017421359300336857 -0.7708451409275039 0.055724711231499996 0.016660083514803536 0.9983071483101505 25.848569662977276 0.0 0.0 0.0 1.0
0.9984703843048743 -0.011778578168153617 -0.054018331103514526 4.157081779320415 0.012434117671469914 0.9998523697387576 0.011814074076701429 -0.7893187772194837 0.0538714478193473 -0.012467651639762427 0.9984700596789381 25.98541654036301 0.0 0.0 0.0 1.0
0.9973781420177834 -0.030620629496201555 -0.06556768970241661 4.140640670348364 0.02979575673554293 0.999464009986763 -0.013522886704686654 -0.7801889989216109 0.06594687834234354 0.011533826582052029 0.9977564566543567 26.08115971690716 0.0 0.0 0.0 1.0
0.9975678320578206 -0.02448555596538857 -0.06525927021731634 4.146419313964607 0.02391841393947745 0.999668642770645 -0.009458962966186849 -0.7822247872391145 0.06546950828392356 0.00787509160412427 0.9978234783053125 26.12918700740493 0.0 0.0 0.0 1.0
0.9975446319694719 -0.02520260234918248 -0.06534022520713771 4.146332164939572 0.024588802091809976 0.9996452492968484 -0.01018234763824687 -0.7823804497066167 0.06557392486982791 0.008550741920522676 0.9978110613501062 26.143821812100086 0.0 0.0 0.0 1.0
0.9976526987415133 -0.02485046874803137 -0.06380739663517851 4.133801806887628 0.024188366384683996 0.9996449284148246 -0.011129422091828248 -0.7872289350706997 0.064061568433551 0.00955993483508898 0.9979001823154006 26.1551185957022 0.0 0.0 0.0 1.0
0.9976518092947401 -0.025128846955757882 -0.06371199398476711 4.1296416890218826 0.024389188968293937 0.9996255966557325 -0.012361898841284805 -0.7821763531500414 0.06399903648010136 0.01077902257636911 0.9978917237131508 26.158729428315276 0.0 0.0 0.0 1.0
0.9976729784643121 -0.026029657999220135 -0.06301496305333497 4.1187347734398685 0.024649564651688386 0.9994405475006835 -0.022581502252371925 -0.7894513930716123 0.06356775635111056 0.020975704516833053 0.9977570595631293 26.199904813327837 0.0 0.0 0.0 1.0
0.998016481667755 -0.027449461970882067 -0.0566525520320741 4.126908003425697 0.026449121240694082 0.9994815017025113 -0.018333746946951644 -0.7887628288534211 0.057126676881764774 0.016799008621941447 0.9982256218566531 26.262288085219282 0.0 0.0 0.0 1.0
0.9994901165198322 -0.020790217516542003 -0.024229926518220046 4.13169709691568 0.020451349270022977 0.9996901528953112 -0.014153389634208327 -0.7900070079236027 0.024516897883967496 0.013650676024970866 0.99960621401686 26.371413165405926 0.0 0.0 0.0 1.0
0.9988966920587977 -0.03180941902369517 0.03454642844538476 4.139438245148785 0.032094007173102616 0.9994545709507461 -0.007712642831768977 -0.7921439733074934 -0.03428205664208604 0.008812898810983452 0.999373329221517 26.52750829289714 0.0 0.0 0.0 1.0
0.9961556016345463 -0.0374861886603486 0.0791750368482993 4.154255877193712 0.0382130715826036 0.9992395106812885 -0.007684228468607347 -0.7987534248876514 -0.07882660750914011 0.01068024008150285 0.9968311307463307 26.66376659909451 0.0 0.0 0.0 1.0
0.9972644507460159 -0.02860764670839098 0.06815456283557761 4.171595571790302 0.028671186107420144 0.9995883616282885 4.691894425374254e-05 -0.8042449671468694 -0.06812767096832142 0.0019073107945869342 0.997674810498892 26.84737627747682 0.0 0.0 0.0 1.0
0.9968497077854839 -0.04092035453794843 0.0679411057536718 4.189754991226905 0.03895981039176354 0.9987917377648553 0.0299364547772381 -0.8185678747875685 -0.06908384775808422 -0.02719516254747164 0.9972401092684324 26.973798024704397 0.0 0.0 0.0 1.0
0.9975713569754818 -0.03507385067134747 0.060174864276103766 4.191767856151686 0.035611771749212616 0.9993340443492249 -0.007888848919736107 -0.8000933179025411 -0.05985791681424421 0.010012655925651585 0.9981566757840071 27.0224818222469 0.0 0.0 0.0 1.0
0.997566427411035 -0.03307398239271633 0.0613778527379292 4.1997289067840775 0.03327078790653801 0.9994434244891843 -0.002185807588785967 -0.8064552366538237 -0.06127122133257618 0.004222606867197305 0.9981122262240089 27.098411960244523 0.0 0.0 0.0 1.0
0.9979881144432138 -0.03363181492331462 0.053744186716675406 4.206565043903846 0.03422282743373873 0.9993625563457886 -0.010113068637906687 -0.8059555585963845 -0.053369620655970985 0.011932034586593412 0.9985035164855813 27.221724843643972 0.0 0.0 0.0 1.0
0.9969709309339659 -0.052389644967997126 0.05748204111952879 4.224372677450807 0.05137270190829038 0.9984976914263112 0.019030816619807638 -0.8137949212277666 -0.05839252221447423 -0.016020147678363905 0.9981651442498567 27.362469807404764 0.0 0.0 0.0 1.0
0.9982647078084254 -0.03214644020023526 0.04933643531078372 4.2144521704978155 0.03284503210767751 0.9993699100763321 -0.013413340846559919 -0.8069510916061919 -0.04887397103413629 0.015010556472037237 0.9986921775020005 27.505997755939433 0.0 0.0 0.0 1.0
0.9979698146641514 -0.038636363706623864 0.05062895746578197 4.235472809431129 0.03868018534819461 0.9992511098104304 0.00011560091131123491 -0.8346280129887483 -0.05059532024617736 0.0018429962631884187 0.9987175473294276 27.65905161018735 0.0 0.0 0.0 1.0
0.998189784251013 -0.04054495543874816 0.04441958454774355 4.249587649238288 0.041203095567572096 0.9990521834520275 -0.014000637854842117 -0.8287969992835774 -0.043809634438600135 0.015805552450518987 0.9989148874433472 27.823176312410418 0.0 0.0 0.0 1.0
0.9987973178126967 -0.03172628878560051 0.03737923720700138 4.254498025750014 0.03211669778503811 0.9994346918563612 -0.009888814034495227 -0.8330713398744222 -0.03704417441727106 0.011077451891412664 0.9992522570162199 27.978077736370345 0.0 0.0 0.0 1.0
0.9972663230603204 -0.036607058552986266 0.06418477108928443 4.259213826637563 0.03697057670322484 0.9993057610423398 -0.0044836453736323304 -0.8426528969779721 -0.06397590322102059 0.00684436776170041 0.9979279490766878 28.144535064335205 0.0 0.0 0.0 1.0
0.9954213685115625 -0.027831616344960647 0.09144166367397441 4.273519368308391 0.02795639747199274 0.9996086104454921 -8.298165670947185e-05 -0.85189731797457 -0.09140340419885966 0.002639010261988764 0.9958104321013589 28.320322156870184 0.0 0.0 0.0 1.0
0.9955222399995699 -0.03846426705770354 0.0863471748990044 4.287264685186533 0.039330864082862724 0.999190757952184 -0.00835609177407809 -0.8458814100468384 -0.0859557197930484 0.011714815833309777 0.9962300993449075 28.483241829898365 0.0 0.0 0.0 1.0
0.9943773228910838 -0.03185175011441171 0.10099048618138341 4.3021875424951554 0.0321592437538027 0.999481191074382 -0.0014170833910633661 -0.8671478628586416 -0.10089279929927732 0.004656921352214135 0.9948864268750911 28.637261623907502 0.0 0.0 0.0 1.0
0.9852013072257825 -0.05147654521518216 0.16348821406190311 4.3294628988382255 0.05229849203574364 0.9986307212689506 -0.0007242250155260729 -0.8753955691105748 -0.16322695751642122 0.009263722061779701 0.986545080454787 28.800779094241 0.0 0.0 0.0 1.0
0.98585120206017 -0.04816315321330459 0.1605538434921473 4.3725706796491535 0.04812874354270796 0.9988321572068121 0.004105848546187356 -0.8785743677567867 -0.16056397581465912 0.0036795242750788143 0.9870185766667049 28.951140250147965 0.0 0.0 0.0 1.0
0.9879352720227926 -0.03673494481391772 0.15044683375043788 4.391047613562467 0.036007438822741294 0.9993223939764082 0.0075582611982513035 -0.8901735863640077 -0.1506224274800058 -0.002049843639284769 0.9885892535246531 29.14847492384731 0.0 0.0 0.0 1.0
0.996410436351836 -0.04119142308378954 0.07395534022012366 4.420191735177993 0.042145710495515035 0.9990460159763436 -0.011388130226991193 -0.8721358739322737 -0.07341552608471594 0.01446418499915644 0.9971965455406093 29.29513715109236 0.0 0.0 0.0 1.0
0.9985546732181896 -0.03222191052913086 0.04301393154687201 4.426000524562772 0.032973984478036115 0.9993129799614017 -0.01688916626257749 -0.878732805110934 -0.04243998891511741 0.018283134220599857 0.998931706879319 29.450263596672286 0.0 0.0 0.0 1.0
0.99793421290221 -0.049486920368569526 0.04096560803283151 4.45081053463051 0.05024484153687282 0.9985798649317137 -0.017681199083472512 -0.8857583415902195 -0.04003224847188411 0.019703018343625964 0.9990041221163917 29.608708415126305 0.0 0.0 0.0 1.0
0.9989869901138353 -0.02986843174189037 0.033656599078420134 4.469392154889593 0.030239434706125383 0.999486277845323 -0.010566373812442686 -0.8944746703412232 -0.033323515750811716 0.011573460541551513 0.9993775858123395 29.75367037671165 0.0 0.0 0.0 1.0
0.9983625258121797 -0.04683448029214113 0.03284260148231229 4.48130467765799 0.04733247405494253 0.9987726605335644 -0.01455083558811147 -0.8922202815363998 -0.03212061191831914 0.01608156376881454 0.9993546096871471 29.91514022549987 0.0 0.0 0.0 1.0
0.9988982375744683 -0.04010613013866575 0.024365727924557826 4.499175395646061 0.04008249877892992 0.9991947837532632 0.001460334415078046 -0.9104991815939518 -0.02440447630447252 -0.00048206075725855217 0.9997020592086989 30.079926881429518 0.0 0.0 0.0 1.0
0.9987640721137674 -0.04287408565155015 0.02514013873092591 4.50170567882012 0.04288324975109106 0.9990795410503797 0.00017729566037562476 -0.9208644453099082 -0.02512439925927184 0.0009010400118335223 0.9996839255899445 30.21798576623492 0.0 0.0 0.0 1.0
